0 252 324
2 37 251

1 339 456

0 580 788
1 519 758
2 495 764

0 1231 1420
1 1071 1286
2 1198 1354

0 2131 2388
1 1887 2129
2 2052 2279

0 2388 2535
1 2388 2535
2 2434 2522

0 2596 2949
1 2535 2897
2 2596 2828
2 2927 3030

0 3010 3536
1 3104 3560
2 3193 3750

0 3640 3778
1 3671 3983
2 3828 3930

0 4123 4235
1 4312 4414
2 4091 4433

0 4970 5191
1 4664 4903
2 4870 5085

0 5414 5502
1 5415 5586
2 5425 5490

0 5561 5612
2 5564 5600

0 5832 6020
1 5787 5934
2 5827 5989

0 6997 7471
1 6750 7266
2 6916 7018
2 7052 7423

0 7719 7844
1 7517 7634
1 7693 7844
2 7658 7844

0 7844 8025
1 7844 8004
2 7844 8033

0 8363 8637
1 8410 8711
2 8445 8653

0 8817 9023
1 8867 9006
2 8744 9221

0 9489 9508
1 9430 9628

0 10164 10282
1 10135 10200
2 10166 10267

0 10400 10694
1 10200 10432
1 10474 10600
2 10414 10671

0 10835 11066
1 10600 10825
2 10886 10993

1 10995 11232

0 11340 11581
1 11404 11551
2 11272 11568

0 11658 11819
1 11617 11837
2 11637 11818

0 12427 12545
1 12060 12333
2 12199 12764

0 12753 12916
0 12866 13225
1 12702 12979
2 12829 13250

0 13296 13409
1 13087 13201
2 13250 13376

0 13599 13740
1 13594 13714
2 13610 13738

0 13850 14002
1 13865 14000
2 13881 14004

0 14136 14195
1 14000 14200
2 14106 14177

0 14239 14832
1 14200 14438
2 14188 14603