806 1095
1096 1098
1103 1107
1109 1110
1114 1115
1116 1120
1128 1135
1144 1150
1156 1161
1164 1166
1167 1168
1178 1179
1180 1189
1230 1237
1238 1242
1246 1247
1250 1251
1260 1261
1263 1272
1275 1277
1291 1293
1294 1304
1322 1325
1326 1335
1336 1338
1351 1353
1354 1355
1356 1367
1369 1370
1375 1376
1390 1402
1403 1405
1421 1423
1424 1432
1433 1434
1435 1436
1450 1462
1478 1479
1480 1492
1495 1496
1513 1514
1515 1522
1524 1532
1533 1534
1545 1551
1552 1557
1562 1564
1565 1566
1579 1580
1584 1585
1588 1589
1590 1591
1594 1607
1608 1609
1612 1614
1615 1616
1641 1645
1648 1660
1661 1662
1668 1678
1683 1686
1687 1696
1702 1709
1711 1712
1716 1720
1732 1733
1802 1804
1818 1819
1820 1825
1835 1836
1838 1843
1852 1853
1854 1860
1870 1871
1873 1879
1890 1891
1892 1898
1908 1914
1924 1930
1940 1946
1954 1957
1964 1969
1970 1971
1972 1973
1975 1976
1988 1989
1990 1996
2006 2012
2021 2022
2024 2025
2026 2032
2038 2043
2050 2056
2064 2069
2073 2074
2076 2077
2079 2083
2092 2098
2107 2114
2122 2128
2136 2142
2150 2156
2163 2164
2165 2171
2180 2186
2194 2200
2207 2212
2213 2214
2221 2227
2235 2241
2250 2256
2264 2270
2272 2273
2278 2284
2292 2299
2306 2307
2308 2314
2320 2321
2322 2328
2334 2336
2337 2341
2346 2347
2348 2353
2360 2367
2368 2370
2376 2381
2382 2385
2390 2391
2392 2400
2406 2413
2419 2426
2427 2428
2434 2441
2442 2443
2448 2453
2454 2459
2465 2475
2481 2487
2488 2489
2496 2501
2505 2506
2519 2524
2525 2526
2543 2549
2561 2562
2563 2566
2567 2569
2573 2574
4750 5153
5158 5254
5614 5758
5775 5778
5779 5780
5784 5785
5787 5788
5792 5793
5796 5800
5802 5804
5805 5891
5934 5948
5994 5996
5997 5998
6008 6026
6028 6031
6122 6178
6189 6279
6835 6983
7164 7201
7588 7590
7599 7605
7606 7607
7609 7610
7618 7626
7637 7638
7639 7642
7647 7651
7656 7657
7658 7659
7672 7863
