620 778
780 788
789 790
1566 1633
1671 2049
2248 2358
2365 2374
2412 2455
2458 2512
3963 4219
4680 4892
5204 5394
5396 5403
5410 5415
5418 5420
5425 5429
5433 5434
5441 5446
5454 5459
5465 5470
5471 5472
5476 5483
5501 5502
5503 5507
5511 5512
5513 5518
5519 5520
5523 5529
5536 5539
5548 5551
5553 5554
5561 5562
5565 5566
5569 5577
5590 5596
5606 5608
5610 5613
5620 5621
5636 5639
5641 5644
5650 5651
5659 5666
5669 5670
5680 5681
5683 5684
5685 5686
5688 5689
7513 8074
8121 8128
8129 8137
8141 8153
8158 8170
8174 8192
8194 8195
8196 8197
8199 8200
8201 8209
8215 8225
8230 8231
8232 8236
8246 8256
8274 8277
8278 8279
8280 8290
8294 8295
8386 8388
8389 8392
8403 8409
8421 8427
8443 8449
8458 8464
8481 8484
8485 8486
8487 8488
8489 8490
8496 8502
8511 8517
8520 8521
8523 8524
8525 8530
8539 8545
8558 8560
8561 8565
8575 8578
8579 8583
8592 8594
8595 8599
8609 8610
8611 8617
8627 8633
8639 8640
8644 8648
8649 8651
8661 8663
8664 8669
8675 8678
8679 8680
8682 8683
8684 8686
8693 8694
8695 8696
8697 8702
8709 8717
8726 8728
8729 8735
8742 8744
8745 8751
8753 8754
8760 8767
8775 8776
8779 8781
8783 8784
8789 8801
8806 8807
8810 8811
8814 8816
8818 8819
8821 8977
10261 10563
11826 11991
