749 859
1816 2038
2041 2046
2059 2060
2061 2065
2067 2068
2077 2082
2113 2119
2132 2138
2146 2147
2153 2154
2157 2162
2163 2164
2173 2176
2177 2180
2193 2195
2197 2199
2201 2203
2205 2206
2215 2222
2223 2224
2225 2228
2229 2231
2235 2236
2250 2253
2255 2256
2267 2273
2282 2286
2287 2290
2303 2306
2307 2310
2311 2312
2321 2322
2323 2328
2338 2339
2341 2342
2343 2346
2348 2350
2360 2361
2362 2369
2376 2378
2379 2380
2381 2382
2383 2386
2387 2388
2395 2396
2397 2398
2399 2400
2401 2402
2403 2404
2409 2410
2413 2416
2417 2418
2419 2421
2435 2438
2443 2452
2454 2455
2456 2467
2474 2486
2493 2494
2495 2507
2515 2520
2521 2529
2539 2545
2699 2706
2717 2725
2728 2729
2736 2745
2758 2759
2760 2767
2774 2775
2791 2799
2814 2815
3995 4166
4483 4486
4504 4505
4588 4590
4592 4596
4688 4733
4737 4842
4952 5097
5107 5108
5109 5116
5124 5125
5129 5131
5142 5287
5290 5291
5724 5745
5754 5756
5757 5761
5762 5776
5779 5780
5781 5782
5789 5795
5796 5809
5811 5812
5820 5821
5824 5841
5847 5848
5860 5867
5868 5874
5875 5876
5879 5881
5898 5912
5921 5922
5937 5938
5947 5948
6237 6240
6245 6248
6251 6326
6328 6329
6331 6333
6335 6336
7537 7709
7759 7954
7957 7958
7961 7962
8848 9016
