601 960
985 986
987 988
1001 1009
1010 1011
1018 1025
1032 1039
1044 1045
1048 1057
1082 1084
1085 1089
1100 1107
1108 1109
1122 1128
1132 1133
1141 1147
1148 1149
1166 1172
1180 1181
1197 1203
1220 1221
1222 1227
1252 1253
1266 1271
1273 1274
1287 1288
1550 1682
1714 1841
1844 1881
1920 1947
1948 1982
3954 4128
4595 4618
4648 5089
5101 5102
5103 5126
5142 5291
5601 5701
5761 5762
5763 5764
5833 5869
6122 6235
7510 7973
7977 8004
8052 8101
8132 8134
8135 8137
8141 8148
8149 8154
8155 8158
8361 8362
8367 8370
8371 8373
8383 8389
8403 8406
8407 8410
8422 8423
8425 8430
8442 8443
8447 8448
8450 8455
8460 8461
8472 8478
8479 8480
8491 8494
8495 8497
8498 8499
8507 8508
8510 8515
8517 8518
8531 8532
8533 8536
8537 8539
8553 8554
8555 8556
8557 8562
8564 8565
8575 8576
8577 8578
8579 8584
8588 8589
8597 8598
8599 8605
8615 8616
8617 8625
8635 8636
8637 8644
8645 8646
8657 8665
8666 8667
8677 8682
8683 8688
8689 8690
8700 8712
8722 8735
8736 8737
8746 8756
8764 8765
8776 8779
8785 8793
8796 8802
8803 8804
8805 8808
8812 8945
8961 9006
10198 10226
10259 10405
10474 10537
10546 10552
11765 11828
11830 11920
11938 11940
11943 11962
