790 791
809 1088
1098 1099
1100 1111
1127 1128
1129 1150
1157 1158
1159 1160
1161 1174
1175 1178
1181 1182
1265 1271
1274 1275
1280 1281
1282 1288
1296 1297
1298 1303
1306 1307
1312 1316
1317 1320
1327 1329
1330 1335
1338 1339
1343 1348
1355 1361
1363 1364
1370 1371
1372 1377
1382 1383
1386 1392
1399 1405
1406 1407
1413 1414
1415 1421
1429 1435
1441 1447
1454 1460
1466 1472
1479 1485
1486 1487
1492 1498
1504 1510
1516 1523
1530 1536
1542 1548
1554 1560
1566 1571
1572 1573
1575 1576
1579 1585
1591 1634
1823 1828
1829 1830
1844 1850
1851 1852
4748 5133
5138 5236
5599 5784
5810 5899
5900 5902
5940 5952
5998 6046
6047 6049
6101 6277
6813 6821
6832 6979
7660 7850
