0 723 725
0 726 727
0 729 730
0 749 750
0 758 759
0 760 762
0 764 766
0 768 770
0 772 773
0 775 776
0 791 792
0 1744 1745
0 1751 1752
0 1797 1798
0 1806 1812
0 1814 1823
0 1826 1827
0 1838 1839
0 1865 1866
0 1880 1882
0 1887 1888
0 1891 1892
0 1895 1896
0 1906 1908
0 1911 1914
0 1915 1918
0 1919 1920
0 1921 1923
0 1924 1941
0 1943 1944
0 1952 1953
0 3964 3966
0 3969 3970
0 3975 3979
0 3980 3981
0 3985 3986
0 4009 4013
0 4016 4018
0 4019 4020
0 4029 4030
0 4709 4710
0 4727 4728
0 4735 4736
0 4738 4739
0 4741 4742
0 4747 4777
0 4805 4806
0 5163 5164
0 5188 5189
0 5190 5191
0 5192 5194
0 5199 5200
0 5201 5202
0 5203 5205
0 5209 5210
0 5212 5214
0 7515 7517
0 7527 7528
0 7549 7550
0 7551 7552
0 7557 7558
0 7559 7560
0 7566 7570
0 7581 7588
0 7589 7592
0 7594 7596
0 7597 7600
0 7601 7602
0 7605 7608
0 7609 7612
0 7613 7620
0 7621 7651
0 7652 7656
0 7657 7668
0 7669 7670
0 7671 7678
0 7773 7782
0 7807 7808
0 7810 7811
0 7813 7814
0 8783 8815
0 8818 8819
0 8833 8839
0 8843 8844
0 8859 8860
1 806 807
1 813 848
1 852 853
1 865 867
1 873 874
1 880 881
1 882 883
1 890 891
1 895 896
1 906 908
1 916 979
1 984 986
1 990 991
1 993 1095
1 1096 1098
1 1103 1107
1 1109 1110
1 1114 1115
1 1116 1120
1 1128 1135
1 1144 1150
1 1156 1161
1 1164 1166
1 1167 1168
1 1178 1179
1 1180 1189
1 1230 1237
1 1238 1242
1 1246 1247
1 1250 1251
1 1260 1261
1 1263 1271
1 1297 1298
1 1303 1304
1 1329 1330
1 1332 1335
1 1336 1338
1 1351 1352
1 1390 1402
1 1403 1405
1 1421 1423
1 1424 1432
1 1433 1434
1 1435 1436
1 1453 1454
1 1459 1460
1 1483 1484
1 1489 1490
1 1513 1514
1 1515 1522
1 1524 1532
1 1533 1534
1 1545 1551
1 1552 1557
1 1562 1564
1 1565 1566
1 1579 1580
1 1641 1645
1 1648 1649
1 2006 2007
1 2028 2029
1 2050 2056
1 2064 2069
1 2073 2074
1 2076 2077
1 2079 2083
1 2092 2098
1 2107 2114
1 2122 2128
1 2136 2142
1 2150 2156
1 2163 2164
1 2165 2171
1 2180 2186
1 2194 2200
1 2207 2212
1 2213 2214
1 2223 2224
1 2235 2241
1 2264 2265
1 2266 2267
1 2268 2269
1 2272 2273
1 2278 2281
1 2283 2284
1 2292 2293
1 2295 2296
1 2297 2298
1 2306 2307
1 2310 2311
1 2320 2321
1 2326 2327
1 2349 2351
1 2360 2365
1 2369 2370
1 2376 2381
1 2382 2385
1 2390 2391
1 2392 2400
1 2406 2413
1 2421 2422
1 2423 2424
1 2425 2426
1 2438 2439
1 2440 2441
1 2455 2459
1 2465 2466
1 2471 2472
1 2481 2482
1 2496 2501
1 2505 2506
1 2519 2524
1 2525 2526
1 2543 2549
1 2561 2562
1 2563 2566
1 2567 2569
1 2573 2574
1 4750 4751
1 4774 4780
1 4811 5153
1 5158 5254
1 5614 5758
1 5775 5776
1 5784 5785
1 5787 5788
1 5792 5793
1 5796 5800
1 5802 5804
1 5805 5811
1 5818 5819
1 5827 5828
1 5833 5834
1 5838 5839
1 5864 5865
1 5873 5874
1 5875 5876
1 5877 5878
1 5879 5880
1 5882 5884
1 5885 5886
1 5889 5890
1 5934 5948
1 5994 5996
1 5997 5998
1 6010 6011
1 6014 6015
1 6122 6123
1 6129 6130
1 6133 6134
1 6141 6142
1 6146 6147
1 6149 6151
1 6152 6153
1 6154 6156
1 6171 6172
1 6176 6177
1 6195 6196
1 6202 6203
1 6204 6205
1 6214 6215
1 6216 6217
1 6219 6220
1 6248 6249
1 6258 6259
1 6262 6263
1 6264 6266
1 6273 6274
1 6277 6279
1 6835 6836
1 6838 6840
1 6847 6873
1 6874 6878
1 6885 6886
1 6888 6889
1 6890 6891
1 6895 6896
1 6905 6906
1 6911 6912
1 6914 6915
1 6929 6930
1 6934 6937
1 6941 6942
1 6948 6949
1 6958 6960
1 6968 6970
1 6972 6974
1 6975 6977
1 6979 6983
1 7164 7201
1 7588 7590
1 7599 7605
1 7606 7607
1 7609 7610
1 7618 7626
1 7637 7638
1 7639 7642
1 7658 7659
1 7720 7721
1 7722 7729
1 7735 7736
1 7739 7740
1 7741 7744
1 7745 7746
1 7749 7750
1 7751 7752
1 7754 7755
1 7764 7766
1 7769 7770
1 7776 7778
1 7779 7798
1 7804 7805
1 7806 7807
1 7850 7851
2 601 603
2 605 606
2 612 613
2 663 664
2 683 684
2 771 772
2 782 783
2 798 813
2 820 822
2 823 825
2 833 834
2 849 850
2 855 856
2 859 860
2 862 864
2 868 870
2 883 884
2 891 893
2 900 901
2 905 906
2 910 911
2 931 932
2 934 935
2 945 946
2 953 954
2 957 960
2 1108 1109
2 1122 1127
2 1180 1181
2 1198 1199
2 1200 1201
2 1226 1227
2 1273 1274
2 1287 1288
2 1552 1553
2 1554 1555
2 1557 1558
2 1601 1602
2 1608 1609
2 1638 1639
2 1661 1662
2 1668 1670
2 1673 1675
2 1678 1679
2 1872 1873
2 1931 1945
2 1960 1961
2 1962 1963
2 3954 3958
2 3959 3960
2 3962 3965
2 3968 3969
2 4003 4004
2 4014 4015
2 4597 4598
2 4604 4605
2 4775 4776
2 4778 4811
2 4821 4822
2 4825 4826
2 4832 4834
2 4839 4840
2 4842 4843
2 4845 4847
2 4848 4849
2 4856 4857
2 4861 4862
2 4864 4865
2 4878 4879
2 4882 4883
2 4890 4891
2 4895 4896
2 4902 4903
2 4905 4906
2 4910 4912
2 4916 4918
2 4920 4922
2 4925 4926
2 4938 4940
2 4949 4950
2 4953 4954
2 4955 4956
2 4980 4981
2 4985 4986
2 4998 4999
2 5010 5011
2 5067 5068
2 5069 5070
2 5078 5079
2 5081 5083
2 5153 5158
2 5159 5160
2 5170 5172
2 5176 5178
2 5190 5191
2 5194 5195
2 5197 5198
2 5205 5206
2 5210 5211
2 5215 5216
2 5227 5229
2 5270 5271
2 5274 5276
2 5278 5280
2 5285 5286
2 5290 5291
2 5601 5606
2 5608 5610
2 5620 5621
2 5635 5636
2 5637 5638
2 5673 5674
2 5682 5683
2 5688 5689
2 5696 5697
2 5761 5762
2 5763 5764
2 5837 5838
2 5843 5844
2 5847 5851
2 5854 5855
2 5858 5864
2 5866 5868
2 6124 6125
2 6128 6129
2 6136 6137
2 6143 6144
2 6147 6148
2 6167 6168
2 6172 6174
2 6175 6176
2 6182 6183
2 6185 6187
2 6191 6192
2 6193 6194
2 6208 6209
2 6217 6218
2 6225 6226
2 6230 6231
2 7514 7521
2 7527 7528
2 7529 7530
2 7731 7732
2 7734 7735
2 7736 7737
2 7753 7754
2 7755 7756
2 7759 7761
2 7768 7769
2 7770 7772
2 7800 7801
2 7866 7867
2 8361 8362
2 8367 8370
2 8371 8373
2 8383 8389
2 8403 8406
2 8407 8410
2 8422 8423
2 8425 8427
2 8428 8429
2 8442 8443
2 8450 8455
2 8460 8461
2 8472 8478
2 8479 8480
2 8491 8494
2 8495 8497
2 8498 8499
2 8510 8515
2 8517 8518
2 8531 8532
2 8555 8556
2 8557 8559
2 8560 8562
2 8577 8578
2 8582 8584
2 8588 8589
2 8597 8598
2 8599 8603
2 8604 8605
2 8615 8616
2 8617 8622
2 8624 8625
2 8638 8639
2 8640 8641
2 8645 8646
2 8664 8665
2 8677 8682
2 8683 8688
2 8689 8690
2 8700 8712
2 8722 8735
2 8736 8737
2 8752 8753
2 8754 8756
2 8764 8765
2 8776 8779
2 8785 8793
2 8796 8800
2 8801 8802
2 8803 8804
2 8805 8808
2 8812 8827
2 10202 10203
2 10205 10206
2 10216 10217
2 10219 10222
2 10223 10226
2 10260 10263
2 10264 10265
2 10267 10268
2 10271 10272
2 10273 10274
2 10479 10480
2 10549 10552
2 11765 11770
2 11938 11939
3 719 720
3 721 722
3 723 724
3 736 737
3 745 746
3 1744 1746
3 4024 4025
3 4059 4065
3 4715 4716
3 4717 4718
3 4726 4732
3 7572 7713
3 7714 7721
3 7864 7865
3 7894 7895
3 7896 7901
3 7904 7909
3 7952 7984
3 7990 7991
3 7994 7995
3 8876 8877
3 8892 8893
3 8918 8919
3 11870 11871
3 11876 11877
3 11880 11907
3 11938 11939
3 11941 11971
4 589 595
4 602 604
4 608 610
4 639 640
4 645 646
4 656 657
4 660 661
4 662 664
4 670 671
4 685 686
4 705 706
4 710 711
4 718 719
4 731 732
4 735 780
4 789 790
4 794 800
4 1547 1548
4 1552 1553
4 1574 1575
4 1587 1589
4 1594 1595
4 1611 1612
4 1638 1639
4 1666 1667
4 1685 1686
4 1720 1721
4 1727 1730
4 1731 1732
4 1742 1743
4 1746 1748
4 1777 1779
4 1780 1782
4 1785 1788
4 1789 1790
4 1792 1794
4 1807 1808
4 1811 1812
4 1815 1816
4 1819 1820
4 1821 1822
4 1825 1826
4 1828 1838
4 1844 1845
4 1862 1864
4 1914 1915
4 1920 1921
4 1922 1924
4 1932 1933
4 1934 1937
4 1938 1941
4 1950 1951
4 1952 1953
4 1955 1956
4 1963 1999
4 2214 2235
4 2241 2248
4 2252 2256
4 2384 2392
4 2400 2406
4 2417 2418
4 2428 2439
4 3978 3979
4 3984 3985
4 3987 3997
4 3998 3999
4 4003 4004
4 4005 4007
4 4016 4017
4 4023 4024
4 4031 4032
4 4044 4045
4 4046 4047
4 4106 4108
4 4110 4111
4 4117 4119
4 4121 4122
4 4127 4128
4 4129 4130
4 4136 4138
4 4140 4141
4 4146 4148
4 4157 4159
4 4165 4166
4 4169 4170
4 4172 4174
4 4736 4737
4 4739 4740
4 4750 4751
4 4854 4855
4 5209 5210
4 5211 5212
4 5214 5215
4 5216 5220
4 5225 5226
4 5230 5231
4 5262 5263
4 5265 5266
4 5271 5342
4 7508 7511
4 7514 7520
4 7521 7522
4 7523 7524
4 7527 7528
4 7534 7535
4 7565 7566
4 7571 7572
4 7609 7610
4 7652 7653
4 7683 7685
4 7686 7687
4 7688 7689
4 7700 7701
4 7707 7708
4 7714 7715
4 7748 7749
4 7826 7827
4 7828 7870
4 7873 7874
4 7879 7885
4 7889 7890
4 7903 7904
4 7915 7916
4 7917 7920
4 7923 7924
4 7926 7927
4 7928 7929
4 7931 7932
4 7935 7936
4 7938 7939
4 7943 7944
4 7970 7971
4 8004 8005
4 8006 8007
4 8010 8011
4 8012 8013
4 8017 8019
4 8026 8027
4 8045 8047
4 8051 8053
4 8054 8055
4 8058 8059
4 8064 8065
4 8075 8076
4 8080 8081
4 8088 8089
4 8100 8101
4 8108 8109
4 8782 8784
4 8787 8788
4 8789 8790
4 8858 8859
4 8864 8865
4 8870 8871
4 8874 8875
4 8884 8885
4 8890 8891
4 8896 8897
4 8923 8924
4 8955 8956
4 10320 10321
4 10404 10405
4 10412 10414
4 10418 10419
4 11821 11823
4 11897 11898
4 11950 11951
4 11991 11999
5 790 791
5 809 814
5 818 820
5 826 827
5 829 830
5 831 832
5 840 842
5 847 917
5 924 925
5 929 930
5 931 932
5 936 937
5 939 940
5 947 950
5 951 952
5 954 955
5 958 959
5 963 964
5 968 969
5 971 972
5 978 994
5 1000 1001
5 1004 1005
5 1007 1008
5 1015 1016
5 1019 1020
5 1028 1029
5 1031 1032
5 1042 1043
5 1045 1046
5 1050 1051
5 1054 1055
5 1060 1061
5 1063 1064
5 1065 1066
5 1074 1075
5 1078 1079
5 1080 1082
5 1084 1085
5 1098 1099
5 1100 1103
5 1105 1106
5 1107 1109
5 1110 1111
5 1127 1128
5 1130 1131
5 1135 1145
5 1161 1164
5 1166 1167
5 1168 1174
5 1175 1178
5 1265 1266
5 1280 1281
5 1284 1285
5 1300 1301
5 1338 1339
5 1347 1348
5 1389 1390
5 1402 1404
5 1406 1407
5 1413 1414
5 1415 1421
5 1432 1435
5 1441 1442
5 1443 1444
5 1457 1458
5 1466 1467
5 1481 1482
5 1486 1487
5 1506 1507
5 1508 1509
5 1517 1519
5 1522 1523
5 1531 1533
5 1534 1536
5 1542 1546
5 1556 1560
5 1566 1571
5 1572 1573
5 1575 1576
5 1580 1585
5 1591 1634
5 1823 1828
5 1829 1830
5 1844 1850
5 1851 1852
5 4748 4751
5 4812 4813
5 4822 4824
5 4830 4832
5 4835 4836
5 4861 4894
5 4895 4896
5 4897 4898
5 4903 4905
5 4932 4933
5 4934 4935
5 4941 4942
5 4946 4948
5 4978 4980
5 4986 4988
5 4992 4993
5 4994 4995
5 4997 4998
5 5004 5005
5 5006 5007
5 5009 5010
5 5028 5029
5 5035 5036
5 5038 5041
5 5042 5043
5 5047 5048
5 5049 5050
5 5051 5052
5 5054 5055
5 5057 5058
5 5059 5060
5 5062 5063
5 5066 5068
5 5071 5072
5 5080 5081
5 5093 5094
5 5095 5096
5 5107 5108
5 5130 5131
5 5148 5151
5 5153 5154
5 5155 5156
5 5159 5160
5 5162 5163
5 5165 5166
5 5169 5236
5 5599 5603
5 5606 5608
5 5610 5612
5 5613 5614
5 5616 5619
5 5624 5627
5 5629 5630
5 5634 5635
5 5641 5642
5 5645 5647
5 5656 5657
5 5664 5665
5 5666 5667
5 5670 5672
5 5681 5682
5 5699 5700
5 5710 5711
5 5720 5721
5 5745 5746
5 5749 5750
5 5752 5753
5 5757 5784
5 5810 5899
5 5900 5902
5 5940 5952
5 5998 6046
5 6047 6049
5 6101 6277
5 6813 6821
5 6832 6848
5 6852 6855
5 6858 6859
5 6861 6862
5 6865 6869
5 6871 6872
5 6873 6874
5 6878 6979
5 7660 7661
5 7682 7683
5 7695 7696
5 7702 7703
5 7710 7723
5 7728 7780
5 7783 7784
5 7795 7796
5 7798 7817
5 7822 7828
5 7829 7830
5 7836 7837
5 7842 7843
6 10240 10241
6 10247 10274
6 10275 10286
6 10299 10300
6 10304 10305
6 10316 10320
6 10321 10325
6 10334 10335
6 10365 10366
6 10368 10369
6 10373 10374
6 10375 10376
6 10379 10380
6 10391 10392
6 10403 10404
6 10491 10493
6 10502 10505
6 10511 10512
6 10530 10533
6 10542 10545
6 10546 10592
6 10593 10594
6 10595 10597
6 10598 10599
6 10600 10602
6 10612 10613
6 10616 10617
6 10618 10619
6 10620 10621
6 10628 10629
6 10642 10643
6 10714 10715
6 10721 10722
6 10736 10737
6 10742 10743
6 10784 10785
6 10786 10787
6 10793 10794
6 10800 10801
6 10803 10804
6 10806 10807
6 10809 10810
6 10883 10919
6 10961 10969
6 10979 10990
6 11028 11037
6 11048 11049
6 12842 12858
6 12864 12865
6 12869 12870
6 12871 12872
6 12884 12886
6 12887 12888
6 12893 12894
6 12896 12898
7 8281 8295
7 8384 8387
7 8388 8395
7 8471 8485
7 8489 8491
7 8552 8553
7 8554 8555
7 8556 8557
7 8558 8562
7 8564 8565
7 8910 8911
7 9525 9529
7 9530 9547
7 9548 9549
7 9592 9602
7 9605 9617
7 9629 9631
7 9639 9640
7 9643 9645
7 9653 9654
7 9656 9657
7 9661 9662
7 9670 9671
7 9682 9687
7 9689 9690
7 9692 9694
7 9701 9702
7 9710 9711
7 9712 9713
7 9714 9716
7 9723 9724
7 9725 9727
7 9728 9741
7 9743 9744
7 9748 9749
7 9755 9756
7 9759 9760
7 9761 9762
7 9788 9789
7 9810 9811
7 9843 9844
7 9899 9900
7 9901 9902
7 9922 9923
7 9924 9925
7 9957 9958
7 9961 9962
7 9970 9972
7 10016 10017
7 10028 10029
7 10031 10033
7 10073 10074
7 10077 10078
7 10087 10088
7 10192 10213
7 10218 10231
7 10232 10246
7 10250 10293
7 10294 10295
7 10300 10301
7 10303 10304
7 10324 10433
7 10434 10435
7 10438 10439
7 10441 10442
7 10445 10446
7 10450 10451
7 10461 10462
7 10471 10472
7 10478 10479
7 10487 10489
7 10492 10493
7 10494 10495
7 10501 10503
7 10504 10505
7 10508 10510
7 10515 10516
7 10889 10892
7 10893 10894
7 10904 10905
7 10910 11116
7 11118 11119
7 11121 11124
7 11125 11130
7 11138 11139
7 11140 11141
7 11142 11143
7 11148 11149
7 11155 11156
7 11158 11160
7 11161 11162
7 11166 11167
7 11168 11169
7 11174 11175
7 11177 11178
7 11182 11183
7 11185 11186
7 11199 11200
7 11204 11205
7 11206 11207
7 11216 11217
7 11218 11219
7 11220 11221
7 11228 11229
7 11231 11232
7 11312 11314
7 11319 11320
7 11322 11324
7 11326 11327
7 11333 11336
7 11337 11338
7 11343 11344
7 11349 11350
7 11352 11353
7 11354 11355
7 11356 11357
7 11365 11366
7 11372 11373
7 11378 11379
7 11424 11425
7 11427 11429
7 11451 11452
7 12626 12643
7 12648 12649
7 12650 12651
7 12652 12654
7 12658 12660
7 12663 12664
7 12669 12670
7 12674 12675
7 12700 12701
7 12713 12714
7 12733 12734
7 12760 12761
7 12770 12771
7 12777 12778
7 12780 12781
7 12782 12783
7 12784 12785
7 12796 12797
7 12800 12801
7 12808 12809
7 12811 12812
7 12817 12884
8 10556 10581
8 10582 10583
8 10588 10589
8 10592 10633
8 10634 10635
8 10637 10638
8 10648 10649
8 10661 10662
8 10666 10668
8 10674 10675
8 10681 10682
8 10694 10695
8 10696 10697
8 10698 10699
8 10702 10703
8 10706 10707
8 10708 10709
8 10718 10720
8 10725 10726
8 10730 10731
8 10743 10755
8 10762 10763
8 10766 10767
8 10770 10771
8 10774 10775
8 10778 10779
8 12866 12876
8 12879 12880
8 12883 12900
9 9730 9731
9 9732 9751
9 9752 9753
9 9754 9869
9 9876 9877
9 9888 9889
9 9892 9893
9 9894 9895
9 9910 9949
9 9950 9952
9 9953 9954
9 9955 9972
9 9973 9976
9 9979 10063
9 10075 10076
9 10078 10079
9 10080 10081
9 10084 10085
9 10096 10097
9 10100 10101
9 10129 10130
9 10133 10134
9 10136 10137
9 10139 10140
9 10142 10143
9 10154 10159
9 10172 10192
9 10194 10196
9 10197 10199
9 10201 10202
9 10213 10218
9 10222 10223
9 10224 10225
9 10231 10232
9 10245 10250
9 10253 10254
9 10258 10259
9 10270 10271
9 10296 10297
9 10298 10300
9 10301 10302
9 10314 10315
9 10599 10600
9 10613 10616
9 10617 10618
9 10627 10628
9 10629 10630
9 10636 10637
9 10639 10640
9 10645 10649
9 10650 10651
9 10653 10654
9 10655 10660
9 10661 10676
9 10681 10683
9 10988 10989
9 10998 10999
9 11000 11001
9 11002 11005
9 11018 11021
9 11025 11026
9 11039 11041
9 11044 11045
9 11049 11050
9 11072 11073
9 11075 11076
9 11077 11078
9 11079 11080
9 11082 11083
9 11087 11088
9 11091 11092
9 11100 11101
9 11107 11108
9 11115 11121
9 11123 11125
9 11126 11127
9 11130 11242
9 11268 11344
9 12727 12735
9 12742 12817
9 12825 12826
9 12829 12832
9 12836 12837
9 12839 12840
9 12843 12844
9 12854 12855
9 12857 12858
9 12871 12872
9 12884 12900
10 605 608
10 609 779
10 1636 1804
10 4137 4199
10 4221 4337
10 4632 4744
10 7555 7727
10 8027 8137
10 8140 8141
10 8142 8143
10 8152 8153
10 8155 8156
10 8162 8263
10 8267 8511
10 8513 8515
10 8516 8517
10 8520 8521
10 8526 8527
10 8533 8605
10 8616 8617
10 8619 8620
10 8623 8625
10 8629 8631
10 8634 8635
10 8642 8643
10 8650 8682
10 8686 8688
10 8702 8703
10 8709 8710
10 8714 8715
10 8724 8725
10 8726 8729
10 8747 8748
10 8751 8754
10 8756 8757
10 8759 8760
10 8772 8773
10 8774 8775
10 8804 8805
10 8807 8808
10 8809 8810
10 8811 8812
10 8822 8823
10 8826 8827
10 8828 8829
10 8832 8833
10 8886 8887
10 8903 8904
10 8920 8921
10 8938 8939
10 8950 8952
10 9120 9121
10 9240 9241
10 9315 9317
10 9318 9319
10 9324 9325
10 9344 9345
10 9349 9350
10 9360 9361
10 9365 9367
10 9368 9369
10 9391 9392
10 9447 9448
10 9451 9453
10 9473 9474
10 9476 9477
10 9480 9481
10 9491 9493
10 9495 9497
10 9499 9502
10 9505 9513
10 9521 9522
10 9523 9524
10 9525 9526
10 9528 9541
10 9559 9564
10 9569 9571
10 9574 9575
10 9577 9578
10 9581 9582
10 9584 9586
10 9589 9590
10 9597 9598
10 9608 9622
10 9623 9628
10 9629 9636
10 9639 9641
10 9642 9643
10 9645 9646
10 9648 9649
10 9651 9652
10 9655 9683
10 9697 9728
10 9768 9769
10 9897 9898
10 9902 9903
10 11223 11233
10 11242 11268
10 11270 11271
10 11272 11275
10 11282 11284
10 11304 11305
10 11309 11311
10 11316 11317
10 11320 11321
10 11326 11327
10 11328 11329
10 11333 11334
10 11338 11395
10 11396 11412
10 11418 11504
10 11507 11508
10 11521 11522
10 11526 11528
10 11534 11537
10 11572 11573
10 11578 11579
10 11580 11582
10 11587 11734
10 11738 11739
10 11741 11743
10 11748 11749
10 11752 11753
10 11757 11758
10 11759 11760
10 11767 11768
10 11776 11777
10 11778 11924
10 11925 11926
10 11935 11936
10 11939 11940
10 11944 11946
10 11956 11959
10 11962 11990
10 11992 11993
10 11996 11997
10 12002 12003
10 12006 12007
10 12016 12017
10 12019 12020
10 12022 12024
10 12025 12026
10 12035 12037
10 12040 12041
10 12044 12052
10 12055 12083
10 12172 12180
10 12222 12223
10 12225 12226
10 12227 12237
10 12238 12260
10 12261 12262
10 12263 12265
10 12267 12269
10 12285 12290
10 12291 12292
10 12386 12387
10 12390 12392
10 12397 12408
10 12451 12452
10 12475 12476
10 12487 12488
10 12492 12497
10 12502 12503
10 12507 12508
10 12511 12513
10 12514 12566
10 12578 12579
10 12587 12588
10 12589 12590
10 12597 12598
10 12599 12744
10 12748 12749
10 12750 12751
10 12753 12754
10 12756 12757
10 12760 12761
10 12768 12769
10 12770 12771
10 12784 12785
10 12788 12789
11 236 237
11 240 241
11 249 250
11 258 259
11 273 274
11 275 276
11 283 284
11 288 289
11 292 428
11 430 431
11 432 433
11 437 438
11 441 442
11 447 448
11 449 450
11 452 453
11 454 456
11 458 459
11 463 464
11 466 467
11 470 471
11 487 488
11 495 496
11 531 532
11 542 543
11 551 552
11 1258 1260
11 1262 1263
11 1278 1280
11 1288 1289
11 1290 1291
11 1293 1294
11 1307 1308
11 1314 1316
11 1319 1320
11 1321 1322
11 1327 1328
11 1333 1334
11 1337 1390
11 1395 1396
11 1397 1398
11 1401 1403
11 1404 1406
11 1407 1415
11 1423 1424
11 1429 1430
11 1437 1441
11 1444 1445
11 1449 1450
11 1461 1463
11 1520 1524
11 3540 3554
11 3557 3558
11 3571 3572
11 3573 3574
11 3580 3581
11 3586 3587
11 3591 3592
11 3598 3600
11 3601 3604
11 3613 3616
11 3618 3619
11 3624 3625
11 3627 3628
11 3629 3786
11 3788 3789
11 3802 3803
11 3806 3807
11 3808 3810
11 3815 3816
11 3821 3822
11 3835 3837
11 3842 3843
11 3844 3845
11 3847 3848
11 3876 3877
11 3907 3908
11 4308 4309
11 4311 4312
11 4316 4322
11 4517 4523
11 4525 4527
11 4530 4531
11 4533 4534
11 4536 4537
11 4539 4540
11 4544 4545
11 4553 4554
11 4770 4771
11 4794 4795
11 4807 4808
11 4813 4814
11 4815 4816
11 4819 4820
11 4825 4826
11 4837 4839
11 4840 4841
11 4847 4848
11 4854 4855
11 4857 4859
11 4867 4868
11 4872 4873
11 4883 4884
11 4889 4890
11 4896 4898
11 4904 4905
11 4914 4915
11 4931 4932
11 4945 4946
11 4956 4957
11 5021 5024
11 5048 5049
11 7098 7100
11 7106 7109
11 7117 7118
11 7132 7133
11 7139 7140
11 7148 7149
11 7154 7155
11 7156 7173
11 7174 7313
11 7317 7319
11 7323 7324
11 7329 7330
11 7331 7332
11 7350 7352
11 7355 7356
11 7367 7371
11 7374 7376
11 7381 7382
11 7384 7385
11 7387 7388
11 7392 7395
11 7407 7408
11 7409 7410
11 8074 8078
11 8143 8144
11 8146 8147
11 8149 8150
11 8151 8152
11 8153 8154
11 8202 8203
11 8209 8210
11 8217 8218
11 8221 8222
11 8229 8230
11 8256 8257
11 8262 8264
11 8305 8306
11 8335 8336
11 8337 8338
11 9010 9011
11 9019 9023
11 9076 9077
11 9080 9082
11 9083 9085
11 9088 9097
11 9098 9100
11 9105 9106
11 9116 9117
11 9124 9134
11 9136 9157
11 9159 9160
11 9167 9168
11 9685 9692
11 9693 9697
11 9698 9699
11 9700 9701
11 9718 9719
11 9730 9731
11 9817 9819
11 9820 9844
11 9869 9870
11 9872 9873
11 9874 9875
11 9889 9890
11 9891 9892
11 9896 9898
11 9901 9902
11 9910 9911
11 9916 9917
11 9921 9922
11 9930 9931
11 9946 9948
11 9949 9955
11 9972 9973
11 9976 9979
11 9984 9985
11 9988 9989
11 9992 9993
11 9994 9995
11 10004 10006
11 10011 10012
11 10016 10017
11 10026 10027
11 10043 10045
11 10066 10068
11 10069 10070
11 10074 10075
11 10076 10077
11 10081 10082
11 10086 10087
11 10089 10091
11 10095 10096
11 10103 10104
11 10105 10106
11 10107 10108
11 10109 10110
11 10111 10112
11 10116 10117
11 10124 10125
11 10126 10128
11 10130 10131
11 10589 10590
11 10612 10618
11 10626 10627
11 10638 10639
11 10640 10641
11 10646 10648
11 10650 10651
11 10659 10661
11 10663 10665
11 10671 10672
11 10677 10678
11 10684 10685
11 10686 10730
11 10731 10798
11 10800 10801
11 10803 10805
11 10807 10808
11 11543 11545
11 11547 11548
11 11564 11565
11 11605 11606
11 11608 11609
11 11620 11622
11 11627 11628
11 11629 11630
11 11633 11634
11 11640 11641
11 11642 11643
11 11648 11649
11 11652 11653
11 11655 11656
11 11661 11663
11 11666 11667
11 11683 11684
11 11762 11763
11 11978 11979
11 12011 12012
11 12029 12030
11 12035 12036
11 12039 12040
11 12041 12043
11 12054 12055
11 12057 12059
11 12061 12062
11 12064 12065
11 12067 12068
11 12075 12076
11 12083 12088
11 12193 12212
11 12213 12216
11 12217 12234
11 12235 12236
11 12241 12242
11 12243 12257
11 12350 12351
11 12352 12363
11 12420 12421
11 12429 12430
11 12435 12436
11 12439 12441
11 12544 12545
11 12550 12551
11 12552 12553
11 12568 12570
11 12811 12889
12 465 466
12 471 473
12 482 483
12 485 486
12 488 490
12 496 512
12 513 520
12 521 523
12 524 525
12 528 529
12 542 543
12 549 550
12 552 572
12 577 578
12 579 581
12 585 588
12 589 590
12 594 595
12 607 608
12 614 615
12 623 624
12 625 626
12 628 629
12 630 633
12 634 659
12 1417 1418
12 1423 1424
12 1447 1449
12 1450 1461
12 1462 1470
12 1471 1483
12 1484 1489
12 1490 1494
12 1495 1496
12 1497 1513
12 1514 1515
12 1518 1519
12 1522 1524
12 1535 1536
12 1537 1538
12 1540 1542
12 1607 1610
12 1622 1623
12 1628 1629
12 1635 1637
12 1640 1641
12 1642 1643
12 1649 1650
12 1655 1656
12 3684 3685
12 3686 3761
12 3764 3766
12 3767 3770
12 3771 3772
12 3776 3777
12 3779 3780
12 3786 3788
12 3789 3804
12 3807 3808
12 3812 3815
12 3816 3821
12 3822 3842
12 3843 3844
12 3845 3873
12 3884 3896
12 3900 3907
12 3909 3910
12 3922 3927
12 3929 3962
12 4163 4164
12 4170 4172
12 4183 4184
12 4192 4208
12 4209 4216
12 4217 4218
12 4377 4378
12 4380 4381
12 4385 4386
12 4387 4388
12 4396 4398
12 4399 4400
12 4404 4405
12 4542 4543
12 4544 4545
12 4547 4548
12 4549 4550
12 4556 4557
12 4561 4562
12 4565 4566
12 4570 4575
12 4578 4579
12 4584 4585
12 4591 4592
12 4594 4595
12 4597 4601
12 4605 4606
12 4608 4609
12 4612 4614
12 4617 4618
12 4621 4622
12 4624 4625
12 4627 4628
12 4629 4632
12 4634 4635
12 4637 4638
12 4642 4643
12 4645 4646
12 4657 4658
12 4664 4665
12 4677 4678
12 4740 4741
12 4746 4747
12 7262 7294
12 7300 7350
12 7351 7361
12 7366 7438
12 7439 7515
12 7536 7537
12 7544 7545
12 7601 7602
12 7604 7605
12 7619 7620
12 7711 7720
12 8005 8008
12 8010 8011
12 8039 8040
12 8049 8050
12 8056 8057
12 8060 8061
12 8062 8063
12 8065 8068
12 8070 8071
12 8078 8079
12 8081 8083
12 8099 8100
12 8106 8107
12 8113 8162
12 8181 8182
12 8186 8188
12 8194 8195
12 8200 8201
12 8202 8203
12 8205 8208
12 8213 8214
12 8223 8224
12 8225 8228
12 8233 8236
12 8238 8239
12 8241 8242
12 8248 8249
12 8250 8251
12 8258 8259
12 8263 8268
12 8282 8283
12 8290 8291
12 8294 8295
12 8301 8302
12 8303 8304
12 8308 8309
12 8322 8323
12 8325 8327
12 8333 8335
12 8349 8350
12 8351 8354
12 8358 8360
12 8377 8379
12 8391 8392
12 8395 8396
12 8400 8401
12 8402 8403
12 8410 8413
12 8418 8419
12 8423 8424
12 8425 8426
12 8427 8428
12 8442 8443
12 8450 8452
12 8454 8455
12 8457 8460
12 8463 8466
12 8468 8470
12 8472 8474
12 8480 8482
12 8489 8491
12 8503 8504
12 8510 8534
12 8544 8545
12 8549 8550
12 8554 8555
12 8561 8562
12 8573 8575
12 8602 8650
12 8651 8652
12 8669 8670
12 8679 8846
12 8859 8860
12 8867 8868
12 8869 8870
12 8871 8872
12 8873 8874
12 8894 8895
12 8907 8908
12 8927 8929
12 8942 8945
12 8959 8960
12 8965 8966
12 8967 8968
12 8970 8971
12 8977 8978
12 8979 8980
12 8988 8991
12 8992 8993
12 8999 9000
12 9005 9006
12 9016 9019
12 9021 9022
12 9025 9026
12 9037 9038
12 9048 9049
12 9050 9056
12 9057 9058
12 9059 9060
12 9062 9063
12 9066 9067
12 9070 9088
12 9090 9091
12 9093 9094
12 9097 9125
12 9129 9130
12 9131 9132
12 9133 9136
12 9138 9139
12 9144 9145
12 9147 9148
12 9150 9151
12 9155 9184
12 9191 9192
12 9193 9194
12 9196 9197
12 9198 9199
12 9206 9207
12 9211 9212
12 9214 9215
12 9216 9217
12 9219 9220
12 9221 9223
12 9228 9476
12 9477 9655
12 10155 10172
12 10177 10178
12 10570 10584
12 10593 10595
12 10599 10600
12 10601 10616
12 11491 11492
12 11493 11494
12 11509 11510
12 11520 11521
12 11522 11526
12 11532 11533
12 11538 11539
12 11549 11551
12 11554 11555
12 11560 11561
12 11565 11566
12 11569 11570
12 11576 11577
12 11592 11594
12 11595 11596
12 11600 11601
12 11607 11608
12 11610 11612
12 11614 11615
12 11619 11620
12 11621 11622
12 11628 11629
12 11630 11631
12 11633 11634
12 11635 11636
12 11637 11638
12 11646 11647
12 11664 11665
12 11667 11668
12 11672 11673
12 11677 11678
12 11686 11687
12 11693 11694
12 11695 11696
12 11699 11700
12 11702 11703
12 11705 11706
12 11707 11709
12 11724 11725
12 11734 11735
12 11754 11755
12 11758 11759
12 11763 11764
12 11770 11771
12 11783 11784
12 11787 11788
12 11794 11796
12 11817 11818
12 11821 11822
12 11825 11826
12 11833 11835
12 11836 11838
12 11843 11844
12 11847 11848
12 11869 11870
12 11874 11875
12 11884 11885
12 11919 11920
12 11922 11923
12 11936 11937
12 11968 11969
12 11970 11973
12 11977 11978
12 11979 11980
12 11990 12057
12 12123 12160
12 12180 12227
12 12340 12379
12 12399 12453
12 12459 12460
12 12472 12473
12 12476 12477
12 12480 12481
12 12482 12492
12 12496 12502
12 12503 12508
12 12509 12510
12 12514 12515
12 12524 12526
12 12528 12529
12 12531 12532
12 12533 12535
12 12536 12537
12 12539 12540
12 12541 12542
12 12546 12547
12 12549 12550
12 12556 12557
12 12565 12599
14 346 347
14 351 352
14 354 355
14 359 361
14 369 370
14 376 377
14 398 399
14 400 401
14 406 407
14 420 421
14 427 556
14 1350 1359
14 1362 1363
14 1369 1370
14 1371 1374
14 1378 1379
14 1380 1381
14 1382 1383
14 1387 1389
14 1392 1394
14 1405 1407
14 1422 1424
14 1430 1431
14 1436 1515
14 1519 1529
14 3650 3671
14 3673 3681
14 3683 3685
14 3691 3692
14 3693 3697
14 3703 3708
14 3709 3711
14 3713 3714
14 3717 3719
14 3723 3724
14 3729 3730
14 3738 3739
14 3740 3741
14 3744 3746
14 3747 3750
14 3751 3752
14 3755 3756
14 3775 3776
14 3781 3782
14 3784 3785
14 3786 3974
14 3977 3978
14 3979 3980
14 3985 3987
14 3996 4033
14 4035 4036
14 4037 4038
14 4039 4041
14 4043 4044
14 4082 4084
14 4100 4101
14 4102 4106
14 4108 4110
14 4112 4113
14 4667 4674
14 4677 4678
14 4679 4680
14 4686 4728
14 4732 4748
14 4749 4751
14 4752 4753
14 4764 4765
14 4767 4769
14 4775 4776
14 4777 4778
14 4780 4781
14 4787 4788
14 4790 4791
14 4797 4798
14 4803 4805
14 4809 4812
14 4814 4815
14 4826 4827
14 4834 4835
14 4841 4842
14 4843 4844
14 4851 4852
14 4860 4861
14 4894 4895
14 4900 4902
14 4909 4910
14 4921 4937
14 7214 7231
14 7235 7236
14 7241 7242
14 7252 7253
14 7264 7265
14 7270 7271
14 7274 7275
14 7276 7277
14 7284 7285
14 7294 7295
14 7298 7299
14 7307 7308
14 7313 7454
14 9022 9024
14 9025 9028
14 9029 9070
14 9072 9073
14 9074 9076
14 9077 9079
14 9082 9083
14 9085 9088
14 9095 9096
14 9097 9098
14 9100 9102
14 9107 9108
14 9109 9116
14 9117 9120
14 9121 9124
14 9125 9127
14 9128 9129
14 9131 9132
14 9134 9138
14 9140 9160
14 9250 9254
14 9255 9262
14 9263 9269
14 9279 9280
14 9971 10000
14 10001 10002
14 10009 10010
14 10025 10026
14 10039 10040
14 10041 10042
14 10049 10050
14 10059 10060
14 10063 10154
14 10156 10157
14 10159 10160
14 10624 10625
14 10626 10627
14 10633 10684
14 10685 10686
14 10687 10688
14 10693 10694
14 10699 10700
14 10703 10704
14 10715 10717
14 10730 10734
14 10738 10739
14 10744 10745
14 11603 11616
14 11623 11624
14 11625 11627
14 11630 11632
14 11650 11652
14 11653 11654
14 11656 11657
14 11658 11659
14 11685 11686
14 11689 11690
14 11694 11695
14 11698 11699
14 11701 11702
14 11715 11716
14 11725 11726
14 11734 11778
14 11791 11792
14 11793 11815
14 12419 12430
14 12432 12435
14 12436 12439
14 12441 12514
14 12520 12521
14 12523 12525
14 12535 12536
14 12545 12546
14 12552 12553
14 12554 12555
14 12562 12564
15 36 353
15 1175 1178
15 1179 1180
15 1184 1185
15 1189 1198
15 1199 1200
15 1201 1230
15 1234 1235
15 1237 1238
15 1239 1240
15 1242 1246
15 1247 1250
15 1251 1260
15 1261 1263
15 1270 1332
15 1335 1336
15 1339 1346
15 3380 3629
15 3636 3639
15 3646 3650
15 4974 4977
15 4983 4984
15 4988 4989
15 4996 4998
15 4999 5000
15 5002 5003
15 5011 5013
15 5018 5019
15 5024 5025
15 5031 5035
15 5083 5084
15 5086 5089
15 5090 5091
15 5094 5095
15 5096 5097
15 5109 5110
15 5113 5114
15 5118 5119
15 5121 5123
15 5130 5131
15 5133 5134
15 5139 5140
15 5145 5146
15 5148 5149
15 5151 5152
15 5154 5155
15 5157 5158
15 5164 5165
15 5185 5186
15 5189 5190
15 5230 5234
15 6956 6965
15 6981 6982
15 6983 7156
15 7157 7159
15 7170 7171
15 7172 7174
15 7175 7176
15 7177 7178
15 7180 7181
15 7182 7183
15 7186 7187
15 7192 7199
15 7201 7202
15 9173 9174
15 9182 9229
15 9232 9233
15 9234 9235
15 9266 9267
15 9270 9271
15 9273 9275
15 9279 9280
15 9282 9283
15 9287 9288
15 9289 9290
15 9291 9294
15 9298 9307
15 9723 9728
15 9741 9754
15 9759 9760
15 9762 9763
15 9767 9768
15 9769 9771
15 9773 9774
15 9779 9780
15 9783 9784
15 9792 9793
15 9801 9803
15 9824 9826
15 9830 9831
15 9833 9835
15 9838 9839
15 9844 9845
15 9846 9848
15 9849 9850
15 9852 9854
15 9862 9863
15 9869 9910
15 9913 9915
15 9918 9919
15 9921 9922
15 10792 10793
15 10798 10911
15 10913 10914
15 10918 10919
15 10925 10926
15 10933 10934
15 10938 10984
15 10988 10990
15 10993 10994
15 10995 10997
15 10999 11000
15 11003 11004
15 11011 11012
15 11013 11014
15 11015 11016
15 11086 11129
15 11426 11430
15 11431 11432
15 11433 11434
15 11438 11439
15 11451 11452
15 11468 11469
15 11471 11472
15 11473 11474
15 11477 11478
15 11481 11482
15 11489 11490
15 11500 11501
15 11502 11503
15 11504 11587
15 11588 11589
15 11598 11619
16 620 672
16 673 674
16 675 676
16 677 678
16 682 684
16 685 686
16 689 690
16 693 695
16 698 719
16 720 735
16 740 741
16 742 743
16 754 755
16 777 778
16 780 788
16 789 790
16 1566 1582
16 1586 1587
16 1597 1633
16 1671 1681
16 1684 1685
16 1698 1699
16 1702 1703
16 1704 1828
16 1829 1830
16 1831 1832
16 1833 1835
16 1837 1934
16 1935 1936
16 1937 1938
16 1940 1963
16 1966 1968
16 1974 1977
16 1979 1980
16 1981 1982
16 1983 1984
16 1995 1998
16 1999 2049
16 2248 2358
16 2365 2374
16 2412 2455
16 2458 2512
16 3963 3964
16 3966 3988
16 3997 3998
16 4001 4003
16 4004 4005
16 4007 4009
16 4010 4014
16 4019 4020
16 4021 4022
16 4023 4024
16 4033 4086
16 4087 4088
16 4100 4101
16 4102 4103
16 4104 4105
16 4115 4117
16 4119 4120
16 4124 4127
16 4130 4131
16 4133 4134
16 4138 4140
16 4142 4143
16 4151 4152
16 4168 4170
16 4188 4189
16 4190 4191
16 4192 4219
16 4681 4683
16 4686 4687
16 4695 4696
16 4701 4702
16 4720 4721
16 4723 4724
16 4729 4730
16 4731 4732
16 4733 4734
16 4742 4743
16 4745 4747
16 4751 4752
16 4753 4754
16 4757 4758
16 4816 4817
16 4829 4830
16 4837 4838
16 4850 4851
16 4859 4860
16 4869 4870
16 4879 4880
16 4883 4884
16 5208 5209
16 5220 5221
16 5234 5235
16 5238 5239
16 5242 5243
16 5245 5248
16 5254 5270
16 5277 5278
16 5291 5292
16 5293 5294
16 5301 5303
16 5305 5306
16 5307 5308
16 5315 5317
16 5323 5324
16 5326 5327
16 5342 5394
16 5396 5403
16 5410 5415
16 5418 5420
16 5425 5429
16 5433 5434
16 5441 5446
16 5454 5459
16 5465 5470
16 5471 5472
16 5476 5483
16 5501 5502
16 5503 5507
16 5511 5512
16 5513 5518
16 5519 5520
16 5523 5529
16 5536 5539
16 5548 5551
16 5553 5554
16 5561 5562
16 5565 5566
16 5569 5577
16 5590 5596
16 5606 5608
16 5610 5613
16 5620 5621
16 5636 5639
16 5641 5644
16 5650 5651
16 5659 5666
16 5669 5670
16 5680 5681
16 5683 5684
16 5685 5686
16 5688 5689
16 7513 7517
16 7519 7541
16 7548 7550
16 7551 7552
16 7553 7559
16 7560 7562
16 7567 7568
16 7575 7619
16 7623 7624
16 7626 7710
16 7713 7714
16 7715 7717
16 7719 7721
16 7725 7726
16 7727 7728
16 7729 7730
16 7746 7747
16 7763 7764
16 7781 7782
16 7799 7800
16 7812 7813
16 7820 7822
16 7865 7866
16 7869 7873
16 7874 7879
16 7885 7896
16 7899 7904
16 7906 7907
16 7908 7975
16 7976 7977
16 7993 7994
16 8005 8006
16 8021 8023
16 8027 8028
16 8036 8037
16 8041 8042
16 8050 8054
16 8055 8064
16 8065 8074
16 8121 8128
16 8129 8134
16 8135 8137
16 8141 8146
16 8147 8149
16 8150 8151
16 8158 8162
16 8166 8167
16 8169 8170
16 8178 8179
16 8208 8209
16 8217 8218
16 8220 8221
16 8223 8224
16 8232 8233
16 8254 8255
16 8276 8277
16 8285 8287
16 8387 8388
16 8403 8404
16 8421 8422
16 8445 8446
16 8485 8486
16 8487 8488
16 8500 8501
16 8523 8524
16 8525 8526
16 8541 8542
16 8575 8576
16 8580 8581
16 8615 8616
16 8676 8677
16 8695 8696
16 8699 8702
16 8713 8714
16 8716 8717
16 8730 8731
16 8748 8749
16 8779 8781
16 8783 8784
16 8789 8793
16 8810 8811
16 8814 8816
16 8818 8819
16 8827 8828
16 8838 8839
16 8840 8841
16 8845 8922
16 8923 8924
16 8931 8932
16 8948 8949
16 8957 8958
16 8960 8961
16 8969 8970
16 10261 10264
16 10279 10280
16 10293 10324
16 10325 10326
16 10329 10330
16 10332 10333
16 10336 10338
16 10341 10342
16 10355 10356
16 10362 10364
16 10365 10366
16 10372 10373
16 10374 10376
16 10381 10382
16 10384 10385
16 10396 10397
16 10404 10406
16 10412 10413
16 10416 10417
16 10420 10422
16 10428 10429
16 10433 10434
16 10435 10563
16 11826 11830
16 11831 11832
16 11856 11857
16 11862 11863
16 11870 11871
16 11874 11875
16 11880 11881
16 11882 11885
16 11887 11888
16 11890 11891
16 11898 11900
16 11901 11902
16 11912 11913
16 11918 11919
16 11924 11962
16 11974 11977
16 11980 11981
16 11985 11991
17 567 630
17 632 634
17 647 648
17 653 654
17 656 657
17 659 700
17 703 704
17 712 713
17 722 724
17 727 728
17 730 731
17 739 740
17 754 755
17 756 757
17 783 784
17 787 788
17 793 794
17 818 819
17 824 825
17 832 833
17 1523 1525
17 1526 1527
17 1536 1542
17 1543 1544
17 1551 1553
17 1559 1562
17 1563 1566
17 1570 1572
17 1573 1575
17 1576 1579
17 1585 1591
17 1592 1594
17 1595 1596
17 1600 1602
17 1608 1609
17 1614 1615
17 1617 1618
17 1622 1623
17 1628 1629
17 1631 1632
17 1634 1705
17 1712 1713
17 1714 1715
17 1716 1717
17 1722 1723
17 1731 1732
17 1738 1739
17 1744 1745
17 1750 1751
17 1758 1760
17 1762 1763
17 1782 1784
17 1833 1834
17 1835 1837
17 1842 1843
17 1854 1855
17 1856 1857
17 1978 1979
17 1980 1981
17 1984 1985
17 1989 1990
17 2003 2004
17 3959 3961
17 3963 3964
17 3965 3966
17 3969 3970
17 3972 3973
17 3988 3995
17 3999 4001
17 4002 4003
17 4013 4014
17 4015 4016
17 4018 4019
17 4020 4021
17 4022 4023
17 4026 4027
17 4028 4029
17 4030 4031
17 4032 4033
17 4034 4035
17 4051 4052
17 4053 4054
17 4060 4061
17 4065 4066
17 4076 4078
17 4086 4192
17 4330 4428
17 4509 4570
17 4575 4598
17 4601 4686
17 4687 4688
17 4689 4690
17 4695 4696
17 4699 4701
17 4708 4709
17 4713 4715
17 4719 4720
17 4732 4733
17 4734 4736
17 4737 4738
17 4739 4740
17 4743 4745
17 4763 4764
17 4765 4787
17 5192 5193
17 5194 5195
17 5206 5207
17 5213 5214
17 5219 5220
17 5223 5224
17 5239 5240
17 5243 5245
17 5259 5260
17 5264 5265
17 5271 5272
17 5295 5296
17 5308 5310
17 7507 7510
17 7513 7514
17 7516 7519
17 7521 7522
17 7532 7533
17 7541 7554
17 7556 7557
17 7559 7575
17 7588 7589
17 7593 7595
17 7603 7604
17 7605 7606
17 7607 7608
17 7613 7614
17 7615 7616
17 7618 7626
17 7627 7628
17 7638 7639
17 7646 7647
17 7654 7655
17 7658 7659
17 7668 7669
17 7674 7678
17 7679 7680
17 7681 7682
17 7690 7691
17 7697 7699
17 7703 7704
17 7710 7711
17 7743 7745
17 7747 7749
17 7757 7758
17 7762 7763
17 7766 7767
17 7772 7773
17 7778 7780
17 7802 7803
17 7825 7826
17 7857 7859
17 7863 7864
17 7872 7873
17 7876 7877
17 7884 7885
17 7890 7891
17 7893 7894
17 7895 7896
17 7902 7903
17 7924 7926
17 7931 7933
17 7936 7937
17 7942 7943
17 7959 7960
17 7972 7973
17 7975 8113
17 8114 8115
17 8121 8122
17 8123 8161
17 8192 8239
17 8810 8811
17 8823 8824
17 8829 8830
17 8844 8845
17 8861 8862
17 8872 8873
17 8877 8882
17 8887 8888
17 8895 8896
17 8905 8907
17 8910 8911
17 8912 8914
17 8915 8916
17 8918 8919
17 8920 8921
17 8922 9033
17 10164 10165
17 10170 10172
17 10181 10182
17 10183 10184
17 10189 10193
17 10196 10197
17 10198 10199
17 10205 10208
17 10213 10214
17 10218 10219
17 10223 10231
17 10232 10245
17 10247 10248
17 10257 10258
17 10260 10261
17 10264 10265
17 10273 10274
17 10275 10276
17 10282 10283
17 10289 10290
17 10301 10302
17 10315 10316
17 10321 10322
17 10323 10325
17 10327 10328
17 10331 10332
17 10338 10339
17 10340 10341
17 10342 10345
17 10346 10347
17 10368 10369
17 10370 10371
17 10376 10377
17 10383 10384
17 10386 10387
17 10496 10497
17 10498 10500
17 10507 10508
17 10516 10517
17 10521 10523
17 10530 10532
17 10539 10542
17 10554 10564
17 10566 10567
17 11762 11791
17 11792 11793
17 11796 11797
17 11816 11817
17 11826 11827
17 11831 11832
17 11839 11840
17 11851 11852
17 11854 11856
17 11858 11859
17 11860 11861
17 11865 11869
17 11877 11878
17 11879 11880
17 11891 11892
17 11893 11895
17 11900 11901
17 11904 11905
17 11906 11907
17 11910 11911
17 11915 11916
17 11921 11922
17 11929 11930
17 11934 11935
17 11943 11944
17 11959 11960
17 11964 11965
17 11966 11967
17 11983 11984
17 11998 11999
17 12003 12004
17 12005 12006
17 12010 12035
17 12042 12043
17 12470 12472
17 12474 12475
17 12478 12479
18 749 753
18 766 767
18 768 769
18 777 778
18 779 800
18 805 808
18 814 815
18 827 829
18 832 833
18 837 838
18 848 852
18 853 855
18 856 859
18 1816 1822
18 1831 1832
18 1839 1840
18 1845 1847
18 1849 1850
18 1852 1853
18 1859 1860
18 1861 1862
18 1863 1864
18 1874 1876
18 1882 1883
18 1886 1887
18 1891 1892
18 1899 1900
18 1902 1903
18 1904 1905
18 1912 1914
18 1939 1941
18 1944 1945
18 1956 1957
18 1958 1959
18 1960 1961
18 1967 1968
18 1974 1975
18 1980 1981
18 1984 1985
18 1987 1989
18 2003 2004
18 2006 2008
18 2009 2010
18 2013 2014
18 2022 2023
18 2027 2028
18 2032 2033
18 2034 2035
18 2037 2038
18 2043 2046
18 2059 2060
18 2061 2064
18 2077 2079
18 2114 2119
18 2132 2136
18 2146 2147
18 2157 2162
18 2173 2176
18 2177 2180
18 2193 2194
18 2201 2203
18 2205 2206
18 2218 2219
18 2235 2236
18 2271 2273
18 2289 2290
18 2303 2304
18 2305 2306
18 2311 2312
18 2325 2326
18 2345 2346
18 2348 2349
18 2363 2364
18 2368 2369
18 2377 2378
18 2381 2382
18 2385 2386
18 2387 2388
18 2399 2400
18 2409 2410
18 2414 2415
18 2444 2445
18 2447 2448
18 2454 2455
18 2475 2476
18 2477 2479
18 2483 2484
18 2493 2494
18 2495 2496
18 2503 2504
18 2515 2520
18 2521 2529
18 2539 2545
18 2699 2706
18 2717 2725
18 2728 2729
18 2736 2745
18 2758 2759
18 2760 2767
18 2774 2775
18 2791 2799
18 2814 2815
18 4000 4001
18 4006 4008
18 4009 4010
18 4014 4016
18 4017 4018
18 4021 4022
18 4024 4031
18 4032 4033
18 4035 4037
18 4052 4053
18 4057 4058
18 4060 4061
18 4066 4068
18 4069 4070
18 4074 4076
18 4079 4080
18 4081 4082
18 4083 4084
18 4085 4086
18 4105 4106
18 4113 4114
18 4115 4116
18 4123 4124
18 4128 4129
18 4143 4146
18 4148 4151
18 4152 4153
18 4163 4165
18 4483 4486
18 4504 4505
18 4588 4590
18 4592 4596
18 4688 4733
18 4737 4738
18 4739 4741
18 4742 4743
18 4745 4746
18 4751 4752
18 4757 4758
18 4759 4760
18 4770 4771
18 4785 4786
18 4792 4795
18 4801 4803
18 4805 4806
18 4817 4818
18 4828 4829
18 4959 4961
18 4967 4969
18 4971 4972
18 4974 4976
18 4977 4978
18 5013 5015
18 5024 5025
18 5030 5031
18 5034 5035
18 5036 5037
18 5039 5040
18 5047 5048
18 5060 5061
18 5062 5063
18 5068 5070
18 5075 5076
18 5083 5084
18 5087 5090
18 5158 5159
18 5160 5161
18 5162 5163
18 5166 5167
18 5173 5174
18 5183 5184
18 5207 5208
18 5221 5223
18 5226 5227
18 5237 5238
18 5244 5245
18 5249 5255
18 5269 5271
18 5280 5281
18 5290 5291
18 5724 5745
18 5754 5756
18 5757 5761
18 5762 5776
18 5779 5780
18 5781 5782
18 5789 5795
18 5796 5809
18 5811 5812
18 5820 5821
18 5824 5841
18 5847 5848
18 5860 5867
18 5868 5874
18 5875 5876
18 5879 5881
18 5898 5912
18 5921 5922
18 5937 5938
18 5947 5948
18 6237 6240
18 6245 6248
18 6251 6326
18 6328 6329
18 6331 6333
18 6335 6336
18 7537 7539
18 7541 7548
18 7550 7551
18 7552 7553
18 7554 7555
18 7559 7560
18 7562 7567
18 7568 7571
18 7572 7574
18 7582 7584
18 7585 7586
18 7599 7600
18 7601 7602
18 7614 7615
18 7619 7623
18 7624 7626
18 7633 7634
18 7637 7638
18 7643 7644
18 7655 7656
18 7662 7663
18 7668 7669
18 7672 7673
18 7675 7676
18 7695 7696
18 7706 7707
18 7759 7760
18 7780 7781
18 7786 7788
18 7790 7791
18 7794 7795
18 7798 7799
18 7810 7811
18 7817 7822
18 7825 7826
18 7829 7832
18 7835 7836
18 7838 7839
18 7843 7844
18 7849 7850
18 7854 7855
18 7859 7860
18 7863 7865
18 7867 7915
18 7939 7940
18 7941 7954
18 7957 7958
18 7961 7962
18 8856 8858
18 8860 8861
18 8862 8864
18 8867 8868
18 8877 8878
18 8883 8884
18 8914 8915
18 8921 8922
18 8924 8925
18 8933 8934
18 8937 8938
18 8939 8940
18 8949 8950
18 8953 8954
18 8958 8959
18 8963 8964
18 8986 8987
18 9000 9001
18 9005 9006
18 9009 9010
18 9012 9013
18 9014 9015
