0 723 724
0 727 728
0 751 752
0 756 757
0 760 761
0 762 763
0 768 770
0 773 774
0 775 776
0 786 787
0 1744 1745
0 1750 1751
0 1762 1763
0 1776 1777
0 1778 1779
0 1794 1795
0 1807 1812
0 1814 1823
0 1827 1828
0 1887 1888
0 1889 1890
0 1891 1892
0 1893 1894
0 1898 1899
0 1903 1904
0 1911 1914
0 1915 1916
0 1917 1920
0 1921 1923
0 1924 1941
0 1942 1943
0 1944 1945
0 1952 1953
0 3964 3966
0 3973 3974
0 3975 3979
0 3980 3981
0 3983 3984
0 3985 3986
0 3988 3989
0 3993 3994
0 4009 4011
0 4016 4018
0 4023 4024
0 4029 4030
0 4709 4710
0 4727 4728
0 4729 4730
0 4734 4736
0 4737 4738
0 4739 4740
0 4741 4743
0 4744 4745
0 4746 4777
0 4805 4806
0 5163 5164
0 5190 5191
0 5193 5196
0 5197 5198
0 5199 5200
0 5203 5205
0 5206 5207
0 5208 5209
0 5213 5214
0 7515 7517
0 7549 7550
0 7551 7552
0 7557 7558
0 7559 7560
0 7566 7570
0 7581 7588
0 7589 7592
0 7594 7596
0 7597 7600
0 7601 7602
0 7605 7608
0 7609 7612
0 7613 7620
0 7621 7651
0 7652 7656
0 7657 7668
0 7669 7670
0 7671 7678
0 7773 7782
0 7786 7787
0 7806 7807
0 7822 7823
0 7854 7855
0 7858 7859
0 7875 7876
0 8783 8815
0 8818 8819
0 8833 8839
0 8843 8844
0 8849 8850
0 8859 8860
1 806 807
1 813 848
1 854 855
1 871 872
1 874 877
1 878 879
1 883 886
1 888 889
1 891 893
1 898 900
1 901 903
1 907 908
1 909 910
1 911 912
1 915 916
1 917 978
1 982 983
1 984 985
1 993 1095
1 1096 1098
1 1103 1107
1 1109 1110
1 1114 1115
1 1116 1120
1 1128 1135
1 1144 1150
1 1156 1161
1 1164 1166
1 1167 1168
1 1178 1179
1 1180 1189
1 1230 1237
1 1238 1242
1 1246 1247
1 1250 1251
1 1260 1261
1 1263 1270
1 1292 1293
1 1298 1299
1 1300 1301
1 1323 1324
1 1326 1330
1 1332 1335
1 1336 1338
1 1357 1358
1 1360 1362
1 1365 1366
1 1390 1402
1 1403 1405
1 1421 1423
1 1424 1432
1 1433 1434
1 1435 1436
1 1451 1452
1 1453 1455
1 1461 1462
1 1491 1492
1 1513 1514
1 1515 1522
1 1524 1532
1 1533 1534
1 1545 1551
1 1552 1557
1 1562 1564
1 1565 1566
1 1579 1580
1 1641 1645
1 1672 1673
1 1676 1677
1 1991 1992
1 1994 1995
1 2007 2008
1 2009 2010
1 2021 2022
1 2029 2030
1 2039 2040
1 2050 2056
1 2064 2069
1 2073 2074
1 2076 2077
1 2079 2083
1 2092 2098
1 2107 2114
1 2122 2128
1 2136 2142
1 2150 2156
1 2163 2164
1 2165 2171
1 2180 2186
1 2194 2200
1 2207 2212
1 2213 2214
1 2223 2224
1 2235 2241
1 2250 2251
1 2255 2256
1 2266 2267
1 2268 2269
1 2280 2281
1 2293 2294
1 2295 2296
1 2313 2314
1 2324 2326
1 2327 2328
1 2337 2338
1 2349 2352
1 2360 2365
1 2366 2367
1 2368 2369
1 2376 2381
1 2382 2385
1 2390 2391
1 2392 2400
1 2406 2412
1 2419 2422
1 2424 2426
1 2435 2436
1 2449 2450
1 2455 2459
1 2465 2467
1 2473 2474
1 2483 2484
1 2488 2489
1 2496 2501
1 2505 2506
1 2519 2524
1 2525 2526
1 2543 2549
1 2561 2562
1 2563 2566
1 2567 2569
1 2573 2574
1 4750 4751
1 4774 4780
1 4811 5153
1 5158 5254
1 5614 5758
1 5784 5785
1 5787 5788
1 5792 5793
1 5796 5800
1 5802 5804
1 5805 5810
1 5816 5817
1 5825 5827
1 5832 5833
1 5837 5839
1 5840 5841
1 5847 5848
1 5849 5851
1 5852 5854
1 5856 5858
1 5867 5868
1 5869 5870
1 5873 5876
1 5888 5889
1 5890 5891
1 5934 5948
1 5994 5996
1 5997 5998
1 6009 6010
1 6016 6017
1 6018 6019
1 6020 6021
1 6122 6123
1 6124 6127
1 6129 6130
1 6136 6137
1 6141 6142
1 6145 6147
1 6149 6150
1 6156 6157
1 6161 6162
1 6163 6164
1 6165 6166
1 6167 6168
1 6170 6171
1 6176 6177
1 6189 6191
1 6206 6208
1 6215 6216
1 6218 6219
1 6222 6224
1 6228 6229
1 6230 6231
1 6232 6233
1 6236 6239
1 6241 6243
1 6245 6246
1 6261 6262
1 6263 6264
1 6270 6271
1 6277 6279
1 6835 6836
1 6839 6840
1 6841 6842
1 6843 6845
1 6847 6873
1 6874 6878
1 6881 6882
1 6885 6886
1 6890 6892
1 6895 6896
1 6897 6898
1 6899 6902
1 6903 6904
1 6911 6912
1 6916 6917
1 6918 6919
1 6922 6923
1 6925 6927
1 6933 6934
1 6935 6936
1 6937 6938
1 6944 6945
1 6947 6949
1 6951 6952
1 6954 6955
1 6956 6957
1 6959 6960
1 6961 6962
1 6963 6965
1 6966 6967
1 6968 6971
1 6976 6978
1 6979 6983
1 7164 7201
1 7588 7590
1 7599 7605
1 7606 7607
1 7609 7610
1 7618 7626
1 7637 7638
1 7639 7642
1 7658 7659
1 7697 7698
1 7722 7730
1 7731 7732
1 7734 7735
1 7736 7737
1 7741 7744
1 7747 7749
1 7753 7755
1 7759 7760
1 7762 7763
1 7764 7765
1 7767 7768
1 7776 7777
1 7778 7798
1 7800 7801
1 7804 7805
1 7843 7844
1 7845 7846
1 7851 7852
2 601 603
2 604 605
2 624 625
2 633 634
2 657 658
2 662 663
2 688 689
2 755 756
2 764 765
2 766 767
2 772 773
2 788 789
2 793 796
2 799 814
2 815 816
2 819 820
2 821 822
2 824 825
2 826 827
2 839 840
2 848 850
2 857 858
2 868 869
2 872 873
2 874 875
2 879 880
2 884 885
2 886 887
2 900 901
2 903 905
2 908 909
2 910 911
2 913 914
2 917 918
2 929 930
2 934 935
2 939 940
2 952 953
2 958 960
2 985 986
2 1088 1089
2 1100 1101
2 1122 1128
2 1143 1144
2 1171 1172
2 1197 1199
2 1200 1201
2 1225 1227
2 1252 1253
2 1273 1274
2 1287 1288
2 1555 1557
2 1571 1572
2 1593 1595
2 1605 1606
2 1620 1621
2 1623 1624
2 1643 1644
2 1663 1665
2 1673 1674
2 1679 1680
2 1728 1729
2 1730 1731
2 1734 1735
2 1768 1769
2 1778 1779
2 1799 1800
2 1827 1828
2 1855 1856
2 1857 1858
2 1862 1864
2 1865 1867
2 1870 1872
2 1874 1875
2 1877 1878
2 1931 1945
2 1958 1959
2 1976 1977
2 3954 3958
2 3959 3960
2 3962 3965
2 3968 3969
2 3976 3977
2 3997 4000
2 4005 4006
2 4015 4016
2 4065 4066
2 4080 4081
2 4088 4089
2 4601 4602
2 4616 4617
2 4672 4673
2 4738 4739
2 4761 4762
2 4778 4811
2 4820 4821
2 4825 4828
2 4831 4832
2 4834 4835
2 4839 4840
2 4841 4842
2 4845 4847
2 4849 4852
2 4861 4862
2 4863 4864
2 4866 4867
2 4870 4872
2 4874 4877
2 4887 4888
2 4896 4897
2 4900 4901
2 4903 4906
2 4907 4908
2 4909 4910
2 4913 4916
2 4917 4919
2 4921 4922
2 4926 4927
2 4931 4932
2 4934 4936
2 4940 4941
2 4951 4952
2 4953 4954
2 4956 4957
2 4969 4970
2 4972 4975
2 4976 4977
2 4985 4986
2 4987 4988
2 4989 4992
2 4996 4997
2 5004 5005
2 5059 5060
2 5066 5068
2 5150 5151
2 5153 5159
2 5163 5164
2 5165 5167
2 5168 5169
2 5171 5172
2 5173 5178
2 5179 5180
2 5181 5183
2 5185 5186
2 5191 5193
2 5198 5199
2 5201 5202
2 5205 5208
2 5211 5213
2 5215 5216
2 5224 5225
2 5228 5229
2 5270 5272
2 5273 5274
2 5280 5281
2 5282 5283
2 5285 5286
2 5288 5289
2 5601 5607
2 5608 5610
2 5613 5614
2 5615 5616
2 5633 5635
2 5660 5661
2 5669 5670
2 5679 5680
2 5693 5694
2 5761 5762
2 5763 5764
2 5839 5841
2 5846 5851
2 5855 5856
2 5858 5864
2 5866 5867
2 5868 5869
2 6122 6124
2 6126 6127
2 6128 6129
2 6131 6134
2 6135 6136
2 6143 6144
2 6146 6147
2 6153 6155
2 6159 6160
2 6171 6174
2 6181 6182
2 6183 6184
2 6185 6186
2 6187 6188
2 6195 6200
2 6212 6213
2 6221 6222
2 6230 6231
2 7512 7520
2 7525 7526
2 7527 7528
2 7529 7530
2 7531 7532
2 7577 7578
2 7659 7660
2 7692 7693
2 7743 7745
2 7747 7748
2 7749 7751
2 7753 7754
2 7756 7759
2 7760 7761
2 7762 7763
2 7765 7767
2 7771 7772
2 7773 7774
2 7782 7784
2 7785 7786
2 7804 7805
2 7808 7809
2 7816 7817
2 7822 7823
2 8056 8057
2 8069 8070
2 8135 8137
2 8141 8142
2 8361 8362
2 8367 8370
2 8371 8373
2 8383 8389
2 8403 8406
2 8407 8410
2 8422 8423
2 8425 8427
2 8428 8429
2 8442 8443
2 8450 8455
2 8460 8461
2 8472 8478
2 8479 8480
2 8491 8494
2 8495 8497
2 8498 8499
2 8510 8515
2 8517 8518
2 8555 8556
2 8557 8562
2 8577 8578
2 8582 8584
2 8588 8589
2 8597 8598
2 8599 8603
2 8604 8605
2 8615 8616
2 8617 8622
2 8624 8625
2 8638 8639
2 8640 8641
2 8645 8646
2 8657 8658
2 8664 8665
2 8677 8682
2 8683 8688
2 8689 8690
2 8700 8712
2 8722 8735
2 8736 8737
2 8752 8753
2 8764 8765
2 8776 8779
2 8785 8793
2 8796 8800
2 8801 8802
2 8803 8804
2 8805 8808
2 8812 8827
2 9005 9006
2 10199 10200
2 10209 10210
2 10212 10214
2 10215 10216
2 10219 10222
2 10223 10226
2 10262 10264
2 10268 10269
2 10271 10272
2 10275 10276
2 10288 10290
2 10306 10307
2 10365 10366
2 10514 10515
2 10547 10548
2 10549 10552
2 11765 11770
2 11822 11823
2 11826 11827
3 719 720
3 722 723
3 739 740
3 745 746
3 1731 1734
3 1743 1746
3 4024 4025
3 4059 4065
3 4713 4716
3 4719 4721
3 4722 4724
3 4728 4732
3 7572 7713
3 7714 7721
3 7864 7865
3 7895 7899
3 7904 7908
3 7909 7911
3 7912 7913
3 7914 7915
3 7916 7920
3 7926 7927
3 7933 7934
3 7936 7937
3 7952 7984
3 7990 7991
3 7994 7995
3 8876 8877
3 8892 8893
3 8918 8919
3 11870 11871
3 11876 11877
3 11880 11907
3 11938 11939
3 11941 11971
4 589 595
4 602 604
4 605 606
4 612 614
4 620 621
4 622 624
4 627 628
4 635 636
4 637 638
4 639 640
4 644 645
4 649 650
4 653 654
4 656 658
4 659 660
4 663 664
4 665 666
4 675 676
4 679 680
4 681 682
4 689 690
4 691 692
4 711 712
4 717 719
4 725 726
4 727 732
4 733 734
4 735 780
4 791 792
4 795 800
4 1547 1548
4 1560 1561
4 1574 1575
4 1577 1579
4 1586 1587
4 1614 1615
4 1640 1641
4 1644 1647
4 1649 1650
4 1654 1658
4 1670 1671
4 1680 1681
4 1688 1689
4 1696 1697
4 1703 1704
4 1717 1718
4 1721 1722
4 1735 1736
4 1737 1738
4 1740 1742
4 1752 1753
4 1756 1757
4 1758 1759
4 1761 1763
4 1770 1771
4 1777 1778
4 1785 1787
4 1788 1789
4 1791 1792
4 1793 1795
4 1797 1798
4 1800 1801
4 1804 1805
4 1815 1816
4 1818 1819
4 1823 1824
4 1828 1829
4 1830 1839
4 1841 1842
4 1844 1845
4 1854 1856
4 1859 1860
4 1867 1868
4 1875 1876
4 1880 1881
4 1883 1884
4 1893 1894
4 1919 1920
4 1922 1924
4 1927 1928
4 1932 1933
4 1934 1937
4 1938 1942
4 1959 1960
4 1961 1999
4 2214 2235
4 2240 2249
4 2252 2256
4 2384 2392
4 2400 2408
4 2416 2417
4 2428 2439
4 3975 3976
4 3981 3982
4 3986 3998
4 4003 4004
4 4005 4006
4 4010 4011
4 4019 4020
4 4027 4028
4 4029 4030
4 4033 4034
4 4041 4042
4 4044 4046
4 4049 4050
4 4054 4055
4 4061 4062
4 4074 4075
4 4104 4105
4 4106 4107
4 4109 4110
4 4113 4116
4 4117 4118
4 4121 4122
4 4126 4127
4 4131 4132
4 4135 4136
4 4137 4138
4 4140 4143
4 4144 4145
4 4148 4149
4 4153 4154
4 4155 4156
4 4157 4158
4 4160 4161
4 4170 4171
4 4691 4692
4 4694 4695
4 4726 4727
4 4738 4739
4 4743 4744
4 4745 4746
4 4747 4748
4 4758 4759
4 4766 4767
4 4779 4780
4 4809 4810
4 5209 5211
4 5213 5215
4 5216 5221
4 5235 5236
4 5238 5239
4 5258 5260
4 5267 5268
4 5270 5342
4 7508 7511
4 7515 7521
4 7522 7524
4 7525 7526
4 7538 7539
4 7544 7545
4 7568 7569
4 7578 7579
4 7586 7587
4 7591 7592
4 7602 7604
4 7609 7610
4 7623 7624
4 7649 7650
4 7672 7673
4 7680 7681
4 7686 7687
4 7691 7692
4 7693 7694
4 7699 7700
4 7702 7703
4 7751 7753
4 7754 7755
4 7789 7790
4 7825 7826
4 7828 7870
4 7873 7875
4 7879 7885
4 7886 7887
4 7891 7892
4 7904 7905
4 7915 7916
4 7917 7918
4 7928 7929
4 7930 7932
4 7937 7938
4 7940 7941
4 7942 7943
4 7950 7951
4 7969 7970
4 7985 7986
4 7991 7992
4 7993 7994
4 7995 7996
4 7997 7998
4 8003 8004
4 8007 8008
4 8011 8012
4 8016 8018
4 8022 8023
4 8026 8027
4 8039 8041
4 8043 8045
4 8047 8051
4 8062 8063
4 8068 8069
4 8072 8074
4 8075 8076
4 8082 8083
4 8086 8087
4 8782 8784
4 8786 8787
4 8792 8795
4 8796 8797
4 8798 8799
4 8800 8801
4 8809 8810
4 8814 8815
4 8829 8830
4 8845 8846
4 8851 8852
4 8859 8860
4 8862 8863
4 8864 8865
4 8869 8871
4 8876 8878
4 8879 8880
4 8881 8882
4 8885 8886
4 8891 8893
4 8944 8945
4 8986 8987
4 10304 10305
4 10396 10397
4 10406 10407
4 10409 10410
4 10419 10420
4 10424 10425
4 10430 10431
4 10434 10435
4 10448 10449
4 10451 10452
4 10465 10466
4 10475 10476
4 10492 10493
4 10511 10513
4 10523 10524
4 10529 10530
4 10538 10539
4 10550 10552
4 11821 11823
4 11923 11924
4 11951 11952
4 11991 11999
5 790 791
5 809 814
5 818 820
5 825 826
5 828 830
5 833 835
5 838 839
5 843 844
5 848 918
5 919 922
5 923 924
5 925 926
5 929 930
5 932 934
5 941 942
5 944 945
5 947 950
5 957 959
5 961 962
5 963 964
5 966 968
5 972 975
5 978 994
5 1002 1003
5 1005 1006
5 1010 1011
5 1017 1019
5 1020 1021
5 1023 1024
5 1025 1026
5 1032 1033
5 1035 1037
5 1038 1039
5 1043 1044
5 1049 1050
5 1052 1054
5 1055 1056
5 1062 1063
5 1065 1066
5 1067 1068
5 1071 1075
5 1077 1078
5 1079 1080
5 1082 1083
5 1084 1085
5 1087 1088
5 1098 1099
5 1100 1103
5 1106 1109
5 1110 1111
5 1127 1128
5 1135 1146
5 1161 1164
5 1166 1167
5 1168 1174
5 1175 1178
5 1181 1182
5 1267 1268
5 1270 1271
5 1274 1275
5 1280 1281
5 1283 1284
5 1299 1300
5 1312 1315
5 1318 1319
5 1327 1328
5 1333 1334
5 1338 1339
5 1345 1346
5 1355 1356
5 1375 1376
5 1388 1390
5 1401 1405
5 1406 1407
5 1413 1414
5 1415 1421
5 1429 1431
5 1432 1433
5 1434 1435
5 1441 1442
5 1446 1447
5 1454 1455
5 1467 1468
5 1480 1481
5 1482 1483
5 1492 1495
5 1504 1505
5 1506 1507
5 1508 1510
5 1521 1523
5 1532 1536
5 1542 1545
5 1555 1556
5 1557 1560
5 1566 1571
5 1572 1573
5 1575 1576
5 1580 1585
5 1591 1634
5 1823 1828
5 1829 1830
5 1844 1850
5 1851 1852
5 4748 4751
5 4809 4810
5 4822 4823
5 4827 4828
5 4830 4833
5 4834 4835
5 4836 4838
5 4843 4844
5 4861 4894
5 4897 4898
5 4900 4901
5 4912 4913
5 4919 4920
5 4922 4923
5 4925 4926
5 4936 4937
5 4938 4939
5 4942 4943
5 4945 4946
5 4950 4951
5 4954 4956
5 4957 4959
5 4960 4961
5 4962 4963
5 4966 4968
5 4974 4975
5 4977 4979
5 4981 4983
5 4986 4987
5 4988 4989
5 4995 4997
5 4998 4999
5 5001 5003
5 5004 5005
5 5007 5008
5 5019 5021
5 5025 5026
5 5028 5030
5 5032 5033
5 5034 5035
5 5038 5039
5 5048 5050
5 5066 5067
5 5068 5069
5 5076 5077
5 5078 5079
5 5080 5081
5 5088 5090
5 5095 5097
5 5099 5100
5 5102 5104
5 5105 5108
5 5111 5114
5 5115 5116
5 5124 5125
5 5127 5128
5 5129 5130
5 5132 5133
5 5140 5142
5 5143 5144
5 5145 5147
5 5151 5152
5 5156 5157
5 5159 5161
5 5169 5236
5 5599 5603
5 5607 5609
5 5610 5612
5 5613 5614
5 5616 5617
5 5619 5620
5 5623 5624
5 5628 5629
5 5630 5631
5 5636 5637
5 5639 5640
5 5648 5649
5 5656 5660
5 5665 5666
5 5669 5671
5 5672 5673
5 5674 5675
5 5678 5679
5 5680 5681
5 5684 5686
5 5688 5689
5 5690 5694
5 5695 5696
5 5700 5702
5 5706 5707
5 5709 5710
5 5712 5713
5 5716 5717
5 5722 5723
5 5726 5728
5 5730 5731
5 5741 5742
5 5743 5744
5 5745 5746
5 5747 5750
5 5751 5754
5 5756 5784
5 5810 5899
5 5900 5902
5 5940 5952
5 5998 6046
5 6047 6049
5 6101 6277
5 6813 6821
5 6832 6848
5 6849 6850
5 6860 6863
5 6865 6869
5 6872 6874
5 6875 6877
5 6878 6979
5 7660 7661
5 7664 7665
5 7667 7668
5 7677 7678
5 7690 7691
5 7701 7702
5 7706 7708
5 7710 7722
5 7725 7726
5 7729 7779
5 7785 7786
5 7790 7791
5 7798 7817
5 7818 7820
5 7821 7828
5 7831 7832
5 7837 7839
5 7848 7849
6 10240 10241
6 10247 10274
6 10275 10286
6 10308 10309
6 10310 10311
6 10313 10315
6 10316 10324
6 10330 10331
6 10340 10341
6 10364 10370
6 10371 10372
6 10391 10392
6 10397 10398
6 10399 10400
6 10404 10405
6 10470 10471
6 10485 10486
6 10488 10489
6 10502 10505
6 10512 10513
6 10516 10517
6 10522 10523
6 10530 10531
6 10533 10534
6 10535 10536
6 10539 10540
6 10542 10545
6 10546 10592
6 10594 10595
6 10598 10599
6 10600 10601
6 10602 10603
6 10605 10606
6 10608 10610
6 10613 10614
6 10617 10618
6 10620 10621
6 10624 10625
6 10722 10724
6 10726 10727
6 10728 10729
6 10736 10737
6 10738 10739
6 10740 10743
6 10781 10782
6 10784 10785
6 10786 10787
6 10788 10789
6 10795 10796
6 10799 10800
6 10802 10803
6 10808 10809
6 10810 10811
6 10875 10876
6 10877 10878
6 10879 10881
6 10882 10919
6 10961 10969
6 10979 10990
6 11028 11037
6 11048 11049
6 12842 12858
6 12873 12874
6 12875 12876
6 12885 12886
6 12887 12888
6 12890 12893
6 12894 12897
6 12898 12900
7 8281 8295
7 8384 8387
7 8388 8395
7 8471 8485
7 8489 8491
7 8552 8553
7 8554 8555
7 8556 8557
7 8558 8562
7 8564 8565
7 8910 8911
7 9525 9529
7 9530 9547
7 9548 9549
7 9592 9602
7 9605 9617
7 9629 9631
7 9634 9635
7 9644 9645
7 9651 9653
7 9657 9658
7 9659 9662
7 9664 9665
7 9666 9668
7 9672 9673
7 9675 9677
7 9680 9681
7 9683 9687
7 9692 9694
7 9699 9700
7 9703 9704
7 9706 9707
7 9712 9714
7 9717 9718
7 9720 9722
7 9725 9741
7 9743 9744
7 9745 9746
7 9748 9749
7 9750 9751
7 9752 9753
7 9761 9763
7 9774 9775
7 9800 9801
7 9803 9804
7 9824 9825
7 9844 9845
7 9853 9854
7 9859 9860
7 9875 9876
7 9897 9898
7 9899 9900
7 9921 9922
7 9955 9956
7 9957 9958
7 9961 9965
7 9969 9973
7 10006 10007
7 10014 10015
7 10030 10031
7 10035 10036
7 10091 10092
7 10192 10213
7 10218 10231
7 10232 10246
7 10250 10293
7 10296 10297
7 10299 10300
7 10302 10304
7 10324 10433
7 10434 10437
7 10446 10447
7 10455 10458
7 10459 10461
7 10462 10463
7 10465 10466
7 10477 10478
7 10479 10480
7 10484 10487
7 10491 10494
7 10495 10496
7 10497 10498
7 10499 10500
7 10501 10502
7 10505 10506
7 10508 10509
7 10515 10516
7 10889 10890
7 10891 10892
7 10897 10898
7 10902 10903
7 10905 10906
7 10909 10910
7 10911 11117
7 11120 11124
7 11125 11130
7 11133 11134
7 11135 11137
7 11139 11142
7 11143 11144
7 11148 11149
7 11151 11152
7 11153 11154
7 11156 11160
7 11162 11163
7 11176 11177
7 11186 11187
7 11192 11193
7 11195 11197
7 11199 11200
7 11202 11203
7 11204 11205
7 11206 11207
7 11209 11211
7 11216 11217
7 11219 11220
7 11225 11228
7 11230 11233
7 11234 11235
7 11237 11238
7 11309 11310
7 11313 11314
7 11319 11320
7 11321 11323
7 11324 11325
7 11328 11329
7 11331 11334
7 11336 11338
7 11339 11340
7 11342 11344
7 11347 11349
7 11351 11352
7 11354 11357
7 11360 11362
7 11366 11367
7 11369 11370
7 11371 11372
7 11426 11427
7 11433 11434
7 11438 11439
7 11440 11441
7 11451 11452
7 12626 12644
7 12645 12647
7 12648 12649
7 12650 12652
7 12654 12655
7 12656 12657
7 12659 12662
7 12665 12666
7 12669 12670
7 12674 12675
7 12676 12677
7 12678 12679
7 12680 12681
7 12683 12684
7 12686 12687
7 12698 12702
7 12706 12707
7 12709 12710
7 12711 12712
7 12713 12714
7 12715 12716
7 12719 12720
7 12721 12723
7 12724 12726
7 12728 12729
7 12730 12731
7 12733 12734
7 12748 12749
7 12758 12759
7 12762 12763
7 12770 12773
7 12775 12776
7 12777 12778
7 12779 12780
7 12782 12783
7 12787 12788
7 12791 12793
7 12796 12797
7 12798 12799
7 12801 12802
7 12805 12806
7 12809 12810
7 12814 12883
8 10556 10580
8 10586 10588
8 10592 10633
8 10635 10636
8 10639 10640
8 10644 10646
8 10647 10648
8 10650 10651
8 10657 10660
8 10661 10664
8 10665 10666
8 10669 10670
8 10673 10675
8 10684 10685
8 10694 10695
8 10700 10703
8 10705 10706
8 10714 10715
8 10721 10723
8 10724 10725
8 10728 10732
8 10734 10735
8 10737 10739
8 10743 10755
8 10762 10763
8 10766 10767
8 10770 10771
8 10774 10775
8 10778 10779
8 12866 12876
8 12881 12900
9 9730 9731
9 9732 9869
9 9870 9872
9 9873 9874
9 9878 9879
9 9887 9888
9 9895 9896
9 9898 9899
9 9901 9902
9 9905 9906
9 9907 9949
9 9951 9952
9 9953 9954
9 9955 9972
9 9973 9978
9 9979 10064
9 10070 10072
9 10073 10078
9 10083 10084
9 10085 10086
9 10090 10091
9 10094 10095
9 10104 10106
9 10119 10121
9 10129 10130
9 10132 10133
9 10136 10137
9 10143 10144
9 10145 10146
9 10147 10148
9 10151 10152
9 10154 10159
9 10172 10192
9 10193 10195
9 10196 10197
9 10199 10200
9 10210 10212
9 10213 10219
9 10225 10228
9 10229 10230
9 10231 10232
9 10234 10235
9 10244 10245
9 10246 10250
9 10255 10257
9 10258 10259
9 10283 10284
9 10286 10287
9 10293 10294
9 10295 10296
9 10297 10298
9 10301 10302
9 10552 10553
9 10556 10557
9 10606 10609
9 10614 10618
9 10624 10625
9 10629 10631
9 10632 10635
9 10638 10639
9 10640 10641
9 10645 10649
9 10650 10651
9 10653 10654
9 10656 10660
9 10661 10676
9 10678 10680
9 10681 10683
9 10986 10989
9 10991 10993
9 10996 10997
9 10998 10999
9 11002 11003
9 11004 11005
9 11011 11012
9 11016 11017
9 11019 11020
9 11027 11028
9 11029 11030
9 11032 11033
9 11034 11035
9 11040 11041
9 11046 11047
9 11049 11050
9 11052 11053
9 11065 11066
9 11071 11072
9 11080 11081
9 11084 11085
9 11086 11090
9 11098 11099
9 11100 11104
9 11108 11109
9 11116 11121
9 11124 11126
9 11127 11128
9 11130 11242
9 11268 11344
9 12727 12735
9 12736 12737
9 12738 12740
9 12741 12817
9 12828 12831
9 12834 12835
9 12838 12839
9 12840 12841
9 12842 12843
9 12844 12848
9 12849 12850
9 12853 12854
9 12857 12858
9 12861 12862
9 12865 12870
9 12874 12876
9 12883 12900
10 605 608
10 609 779
10 1636 1804
10 4137 4199
10 4221 4337
10 4632 4744
10 7555 7727
10 8027 8137
10 8143 8144
10 8145 8146
10 8148 8149
10 8151 8153
10 8155 8156
10 8158 8159
10 8162 8263
10 8264 8265
10 8268 8511
10 8514 8515
10 8517 8518
10 8519 8520
10 8521 8522
10 8532 8533
10 8534 8602
10 8606 8607
10 8609 8610
10 8611 8614
10 8616 8617
10 8622 8623
10 8624 8625
10 8627 8628
10 8631 8632
10 8643 8645
10 8647 8648
10 8650 8682
10 8685 8687
10 8702 8703
10 8706 8707
10 8709 8710
10 8713 8714
10 8723 8725
10 8728 8729
10 8731 8732
10 8745 8746
10 8747 8749
10 8750 8751
10 8752 8753
10 8754 8755
10 8756 8758
10 8763 8764
10 8768 8770
10 8772 8773
10 8774 8776
10 8805 8806
10 8810 8811
10 8812 8814
10 8818 8820
10 8821 8823
10 8824 8825
10 8826 8827
10 8830 8833
10 8835 8837
10 8838 8839
10 8843 8844
10 8849 8850
10 8856 8857
10 8896 8897
10 8906 8907
10 8928 8929
10 8939 8940
10 8941 8942
10 8945 8947
10 8948 8951
10 8952 8954
10 8957 8958
10 8965 8966
10 9111 9112
10 9235 9236
10 9240 9241
10 9248 9249
10 9319 9320
10 9322 9323
10 9339 9340
10 9342 9345
10 9353 9354
10 9355 9357
10 9358 9359
10 9362 9364
10 9367 9369
10 9395 9398
10 9399 9400
10 9445 9446
10 9448 9450
10 9453 9455
10 9472 9473
10 9474 9475
10 9476 9477
10 9486 9487
10 9490 9491
10 9495 9497
10 9498 9500
10 9504 9506
10 9507 9513
10 9523 9524
10 9525 9527
10 9530 9541
10 9559 9564
10 9567 9569
10 9577 9579
10 9580 9582
10 9586 9587
10 9589 9590
10 9592 9594
10 9597 9598
10 9599 9600
10 9604 9606
10 9608 9622
10 9623 9628
10 9629 9636
10 9637 9638
10 9639 9640
10 9641 9642
10 9643 9644
10 9646 9647
10 9649 9650
10 9651 9653
10 9654 9683
10 9697 9728
10 9787 9788
10 9791 9792
10 9794 9795
10 9895 9897
10 9903 9904
10 9906 9907
10 11223 11233
10 11234 11237
10 11241 11269
10 11270 11271
10 11272 11273
10 11279 11281
10 11282 11284
10 11295 11297
10 11298 11299
10 11310 11311
10 11316 11318
10 11320 11321
10 11323 11325
10 11337 11395
10 11396 11412
10 11418 11504
10 11506 11508
10 11511 11512
10 11516 11518
10 11523 11524
10 11528 11531
10 11536 11537
10 11538 11540
10 11546 11547
10 11573 11574
10 11575 11576
10 11578 11579
10 11580 11581
10 11587 11734
10 11736 11737
10 11743 11744
10 11746 11748
10 11749 11751
10 11757 11758
10 11763 11764
10 11766 11767
10 11772 11774
10 11776 11777
10 11778 11924
10 11931 11932
10 11940 11941
10 11943 11944
10 11949 11950
10 11952 11953
10 11954 11955
10 11959 11960
10 11962 11990
10 11992 11993
10 11994 11995
10 11996 11997
10 12001 12002
10 12003 12004
10 12005 12006
10 12012 12014
10 12020 12021
10 12022 12023
10 12027 12028
10 12029 12031
10 12035 12036
10 12040 12042
10 12045 12052
10 12055 12083
10 12172 12180
10 12219 12220
10 12227 12237
10 12238 12260
10 12261 12262
10 12263 12265
10 12267 12269
10 12285 12290
10 12291 12292
10 12386 12387
10 12390 12392
10 12397 12408
10 12455 12456
10 12460 12461
10 12464 12465
10 12466 12467
10 12478 12479
10 12488 12491
10 12494 12495
10 12497 12498
10 12502 12503
10 12514 12566
10 12570 12571
10 12573 12574
10 12577 12578
10 12584 12585
10 12587 12588
10 12590 12591
10 12599 12742
10 12743 12745
10 12746 12747
10 12751 12752
10 12756 12757
10 12762 12763
10 12771 12773
10 12774 12775
10 12776 12777
10 12778 12779
10 12780 12781
10 12783 12784
11 236 237
11 239 241
11 242 243
11 244 246
11 247 248
11 252 253
11 258 259
11 260 261
11 262 264
11 268 269
11 272 274
11 276 277
11 278 280
11 282 283
11 292 432
11 437 438
11 446 447
11 448 449
11 450 451
11 453 454
11 455 456
11 458 459
11 462 463
11 464 465
11 466 467
11 469 470
11 479 480
11 483 484
11 487 489
11 496 497
11 517 518
11 528 529
11 530 531
11 538 540
11 541 542
11 1258 1260
11 1262 1263
11 1264 1265
11 1272 1273
11 1275 1276
11 1296 1298
11 1301 1302
11 1304 1305
11 1308 1310
11 1311 1313
11 1315 1316
11 1322 1323
11 1324 1326
11 1330 1331
11 1338 1391
11 1392 1393
11 1395 1396
11 1398 1399
11 1400 1401
11 1405 1413
11 1414 1415
11 1419 1420
11 1423 1425
11 1437 1438
11 1445 1446
11 1447 1448
11 1449 1450
11 1458 1459
11 1463 1465
11 1487 1488
11 1496 1497
11 1517 1518
11 1520 1524
11 3540 3554
11 3560 3561
11 3564 3565
11 3566 3567
11 3572 3573
11 3575 3576
11 3586 3587
11 3593 3594
11 3596 3597
11 3599 3601
11 3607 3609
11 3618 3619
11 3623 3624
11 3627 3628
11 3629 3788
11 3789 3790
11 3791 3792
11 3794 3795
11 3800 3802
11 3805 3806
11 3809 3811
11 3812 3813
11 3816 3819
11 3823 3824
11 3828 3829
11 3830 3831
11 3832 3833
11 3834 3835
11 3844 3845
11 3857 3858
11 3876 3878
11 3885 3886
11 3891 3894
11 3903 3904
11 3924 3925
11 3927 3928
11 4308 4309
11 4311 4312
11 4316 4322
11 4517 4524
11 4526 4527
11 4528 4529
11 4532 4533
11 4534 4535
11 4537 4539
11 4551 4552
11 4557 4558
11 4749 4750
11 4769 4770
11 4809 4810
11 4813 4814
11 4815 4816
11 4817 4818
11 4821 4822
11 4823 4825
11 4860 4862
11 4874 4875
11 4876 4877
11 4880 4881
11 4890 4891
11 4892 4893
11 4898 4899
11 4906 4908
11 4910 4911
11 4916 4917
11 4926 4927
11 4930 4931
11 4932 4933
11 4937 4938
11 4943 4944
11 4945 4946
11 4947 4948
11 5003 5004
11 5009 5010
11 5021 5024
11 5048 5049
11 7098 7100
11 7104 7106
11 7113 7114
11 7116 7125
11 7129 7132
11 7134 7135
11 7142 7143
11 7145 7146
11 7151 7152
11 7154 7155
11 7156 7313
11 7316 7317
11 7320 7321
11 7325 7326
11 7327 7328
11 7329 7331
11 7332 7333
11 7334 7335
11 7338 7339
11 7341 7342
11 7345 7347
11 7351 7354
11 7355 7356
11 7357 7358
11 7359 7362
11 7367 7371
11 7374 7375
11 7378 7379
11 7382 7384
11 7385 7387
11 7388 7389
11 7391 7393
11 7405 7406
11 7409 7411
11 7414 7415
11 8074 8078
11 8080 8081
11 8093 8094
11 8106 8107
11 8108 8109
11 8133 8134
11 8137 8138
11 8139 8140
11 8144 8145
11 8146 8147
11 8149 8150
11 8152 8153
11 8154 8155
11 8156 8157
11 8159 8160
11 8161 8162
11 8227 8228
11 8343 8344
11 8347 8348
11 8356 8357
11 9010 9011
11 9019 9023
11 9047 9048
11 9073 9075
11 9078 9081
11 9083 9085
11 9086 9087
11 9088 9097
11 9098 9099
11 9101 9103
11 9104 9105
11 9107 9108
11 9111 9112
11 9114 9115
11 9118 9119
11 9120 9121
11 9122 9123
11 9124 9133
11 9135 9158
11 9161 9162
11 9164 9166
11 9685 9692
11 9693 9697
11 9698 9699
11 9720 9721
11 9722 9723
11 9731 9733
11 9734 9735
11 9817 9819
11 9820 9844
11 9846 9847
11 9869 9870
11 9876 9877
11 9881 9884
11 9885 9886
11 9892 9893
11 9897 9898
11 9903 9904
11 9913 9914
11 9916 9917
11 9922 9923
11 9924 9925
11 9926 9927
11 9931 9932
11 9938 9940
11 9942 9943
11 9944 9945
11 9949 9955
11 9972 9973
11 9976 9980
11 9984 9986
11 9987 9988
11 9992 9993
11 9996 9997
11 9998 10000
11 10001 10004
11 10006 10008
11 10010 10011
11 10017 10019
11 10036 10037
11 10038 10041
11 10046 10047
11 10049 10050
11 10051 10052
11 10065 10068
11 10079 10080
11 10081 10082
11 10086 10088
11 10093 10094
11 10099 10100
11 10107 10108
11 10109 10110
11 10112 10114
11 10115 10116
11 10123 10124
11 10125 10126
11 10127 10128
11 10135 10136
11 10140 10143
11 10144 10145
11 10589 10591
11 10594 10595
11 10599 10600
11 10604 10605
11 10608 10609
11 10612 10618
11 10620 10621
11 10622 10624
11 10626 10627
11 10632 10633
11 10634 10635
11 10640 10641
11 10648 10649
11 10651 10652
11 10654 10656
11 10664 10665
11 10666 10667
11 10671 10672
11 10675 10676
11 10677 10679
11 10680 10685
11 10686 10799
11 10802 10803
11 10804 10805
11 11487 11488
11 11496 11497
11 11537 11538
11 11539 11540
11 11542 11543
11 11544 11545
11 11546 11549
11 11566 11568
11 11569 11571
11 11573 11576
11 11597 11598
11 11599 11600
11 11601 11602
11 11608 11609
11 11615 11616
11 11623 11624
11 11626 11627
11 11629 11630
11 11635 11636
11 11639 11640
11 11641 11642
11 11643 11647
11 11648 11649
11 11657 11660
11 11661 11662
11 11669 11670
11 11697 11698
11 11735 11736
11 11759 11760
11 11762 11763
11 11766 11768
11 11772 11773
11 11802 11803
11 12008 12009
11 12011 12012
11 12015 12017
11 12019 12021
11 12024 12025
11 12026 12027
11 12031 12032
11 12034 12035
11 12037 12038
11 12044 12045
11 12050 12051
11 12054 12055
11 12060 12061
11 12064 12065
11 12067 12068
11 12069 12071
11 12080 12082
11 12083 12088
11 12193 12212
11 12213 12216
11 12217 12234
11 12235 12236
11 12241 12242
11 12243 12257
11 12350 12351
11 12352 12363
11 12420 12421
11 12425 12426
11 12428 12429
11 12430 12431
11 12432 12435
11 12436 12437
11 12443 12444
11 12540 12541
11 12551 12552
11 12555 12556
11 12567 12570
11 12811 12889
12 447 448
12 459 460
12 461 462
12 463 464
12 465 466
12 467 468
12 471 472
12 473 474
12 482 486
12 489 490
12 494 495
12 496 512
12 513 520
12 522 523
12 524 527
12 535 536
12 542 544
12 545 546
12 547 548
12 549 550
12 552 571
12 575 576
12 578 579
12 581 582
12 583 584
12 586 587
12 593 595
12 598 599
12 606 607
12 612 613
12 614 615
12 618 621
12 622 624
12 626 629
12 630 633
12 634 659
12 1410 1412
12 1415 1416
12 1417 1418
12 1423 1424
12 1428 1429
12 1430 1431
12 1441 1443
12 1446 1447
12 1448 1449
12 1450 1464
12 1465 1470
12 1471 1496
12 1497 1516
12 1517 1518
12 1522 1523
12 1533 1535
12 1536 1537
12 1538 1539
12 1541 1542
12 1552 1553
12 1607 1610
12 1611 1612
12 1629 1630
12 1634 1635
12 1637 1638
12 1640 1641
12 1644 1645
12 1647 1648
12 3684 3685
12 3686 3762
12 3764 3766
12 3767 3770
12 3771 3773
12 3774 3775
12 3779 3780
12 3781 3783
12 3784 3786
12 3788 3791
12 3792 3794
12 3795 3801
12 3802 3804
12 3806 3810
12 3811 3812
12 3813 3818
12 3819 3828
12 3829 3844
12 3845 3873
12 3874 3875
12 3878 3879
12 3880 3882
12 3884 3895
12 3896 3897
12 3898 3899
12 3900 3907
12 3909 3910
12 3914 3915
12 3919 3920
12 3921 3927
12 3928 3962
12 4105 4106
12 4159 4160
12 4169 4170
12 4181 4182
12 4183 4184
12 4188 4189
12 4192 4216
12 4217 4218
12 4365 4367
12 4370 4371
12 4372 4373
12 4377 4380
12 4383 4384
12 4385 4386
12 4391 4392
12 4394 4395
12 4398 4399
12 4401 4402
12 4540 4541
12 4542 4545
12 4547 4548
12 4549 4551
12 4552 4553
12 4555 4556
12 4559 4561
12 4562 4563
12 4565 4567
12 4568 4569
12 4570 4575
12 4582 4583
12 4586 4587
12 4590 4591
12 4597 4602
12 4605 4606
12 4608 4609
12 4610 4611
12 4617 4620
12 4623 4625
12 4629 4630
12 4635 4636
12 4639 4640
12 4642 4643
12 4650 4651
12 4665 4667
12 4668 4669
12 4671 4672
12 4768 4769
12 4774 4775
12 4779 4780
12 7262 7293
12 7300 7361
12 7364 7365
12 7366 7438
12 7439 7514
12 7515 7518
12 7536 7537
12 7538 7540
12 7547 7548
12 7558 7560
12 7585 7586
12 7597 7598
12 7604 7605
12 7606 7607
12 7615 7617
12 7711 7720
12 8005 8008
12 8010 8011
12 8019 8020
12 8025 8027
12 8057 8059
12 8063 8067
12 8074 8075
12 8077 8078
12 8079 8081
12 8082 8085
12 8092 8093
12 8103 8104
12 8105 8106
12 8109 8112
12 8113 8162
12 8165 8166
12 8170 8172
12 8175 8176
12 8180 8181
12 8182 8183
12 8187 8188
12 8190 8191
12 8192 8195
12 8196 8197
12 8198 8199
12 8200 8201
12 8202 8205
12 8208 8209
12 8213 8215
12 8217 8218
12 8222 8224
12 8229 8231
12 8242 8246
12 8247 8250
12 8252 8253
12 8254 8257
12 8258 8259
12 8260 8261
12 8263 8268
12 8269 8270
12 8276 8277
12 8279 8280
12 8282 8284
12 8285 8287
12 8289 8292
12 8296 8297
12 8317 8320
12 8324 8325
12 8333 8334
12 8336 8337
12 8338 8339
12 8340 8341
12 8349 8350
12 8354 8355
12 8357 8359
12 8364 8365
12 8367 8368
12 8371 8373
12 8377 8378
12 8379 8380
12 8387 8389
12 8390 8394
12 8397 8398
12 8399 8400
12 8401 8402
12 8403 8404
12 8406 8407
12 8409 8413
12 8416 8417
12 8426 8427
12 8429 8432
12 8435 8437
12 8438 8439
12 8446 8447
12 8448 8449
12 8454 8455
12 8456 8459
12 8465 8466
12 8467 8468
12 8479 8480
12 8488 8492
12 8493 8494
12 8495 8496
12 8501 8502
12 8507 8509
12 8511 8535
12 8536 8537
12 8538 8540
12 8542 8543
12 8546 8547
12 8549 8550
12 8553 8557
12 8564 8566
12 8568 8569
12 8602 8650
12 8651 8652
12 8661 8663
12 8664 8665
12 8670 8673
12 8676 8677
12 8678 8679
12 8681 8846
12 8851 8852
12 8861 8862
12 8864 8865
12 8866 8867
12 8871 8872
12 8880 8881
12 8884 8885
12 8894 8895
12 8897 8898
12 8916 8917
12 8919 8920
12 8924 8925
12 8931 8932
12 8934 8936
12 8938 8939
12 8940 8941
12 8945 8946
12 8947 8948
12 8951 8952
12 8955 8956
12 8958 8960
12 8961 8962
12 8963 8964
12 8966 8968
12 8970 8972
12 8975 8977
12 8980 8982
12 8983 8984
12 8985 8986
12 8989 8990
12 8995 8996
12 8997 8998
12 8999 9000
12 9004 9005
12 9010 9011
12 9013 9014
12 9015 9016
12 9017 9018
12 9020 9022
12 9023 9024
12 9025 9026
12 9033 9034
12 9036 9037
12 9047 9049
12 9050 9056
12 9057 9061
12 9062 9063
12 9068 9069
12 9070 9088
12 9089 9090
12 9097 9126
12 9127 9128
12 9131 9132
12 9133 9136
12 9147 9148
12 9153 9154
12 9157 9183
12 9185 9186
12 9188 9190
12 9194 9196
12 9197 9198
12 9202 9203
12 9204 9205
12 9207 9208
12 9209 9210
12 9213 9214
12 9220 9221
12 9222 9225
12 9229 9476
12 9477 9655
12 10155 10172
12 10570 10584
12 10593 10597
12 10599 10600
12 10601 10616
12 11492 11494
12 11497 11498
12 11499 11500
12 11501 11502
12 11510 11511
12 11512 11513
12 11514 11515
12 11519 11520
12 11529 11530
12 11534 11535
12 11538 11539
12 11554 11556
12 11563 11564
12 11565 11567
12 11571 11572
12 11583 11584
12 11586 11587
12 11589 11590
12 11591 11594
12 11600 11601
12 11602 11603
12 11605 11606
12 11609 11610
12 11621 11622
12 11624 11625
12 11631 11632
12 11636 11637
12 11642 11643
12 11647 11649
12 11651 11652
12 11654 11656
12 11658 11659
12 11660 11661
12 11664 11665
12 11667 11668
12 11669 11670
12 11672 11673
12 11676 11677
12 11678 11680
12 11686 11688
12 11689 11690
12 11696 11697
12 11705 11706
12 11711 11712
12 11730 11731
12 11735 11737
12 11742 11743
12 11744 11745
12 11746 11747
12 11748 11749
12 11751 11752
12 11755 11756
12 11761 11762
12 11767 11768
12 11773 11774
12 11787 11790
12 11799 11800
12 11804 11805
12 11809 11810
12 11812 11813
12 11816 11817
12 11818 11819
12 11823 11824
12 11827 11828
12 11829 11831
12 11834 11835
12 11836 11837
12 11841 11842
12 11852 11853
12 11860 11861
12 11872 11873
12 11899 11900
12 11907 11908
12 11912 11913
12 11958 11959
12 11960 11961
12 11966 11967
12 11968 11972
12 11974 11975
12 11976 11977
12 11987 11988
12 11989 12057
12 12123 12160
12 12180 12227
12 12340 12379
12 12399 12455
12 12456 12457
12 12459 12461
12 12471 12473
12 12476 12477
12 12478 12479
12 12480 12488
12 12491 12492
12 12493 12494
12 12496 12497
12 12498 12502
12 12503 12508
12 12509 12511
12 12514 12515
12 12519 12520
12 12523 12528
12 12535 12536
12 12537 12538
12 12543 12544
12 12545 12548
12 12553 12554
12 12555 12556
12 12564 12565
12 12566 12599
14 347 349
14 351 353
14 356 357
14 362 363
14 368 369
14 383 387
14 388 390
14 393 396
14 398 400
14 403 404
14 407 408
14 410 411
14 412 415
14 422 423
14 427 556
14 1350 1359
14 1362 1363
14 1369 1374
14 1379 1380
14 1385 1389
14 1392 1394
14 1396 1398
14 1402 1403
14 1409 1410
14 1412 1414
14 1416 1417
14 1420 1421
14 1423 1424
14 1431 1432
14 1435 1441
14 1442 1513
14 1514 1515
14 1516 1517
14 1518 1519
14 1520 1529
14 3650 3671
14 3673 3680
14 3684 3685
14 3691 3692
14 3693 3697
14 3704 3708
14 3709 3711
14 3712 3714
14 3715 3717
14 3722 3724
14 3726 3727
14 3728 3730
14 3737 3738
14 3743 3745
14 3748 3751
14 3755 3757
14 3758 3761
14 3763 3764
14 3766 3767
14 3768 3769
14 3773 3775
14 3778 3779
14 3781 3782
14 3786 3972
14 3973 3974
14 3978 3980
14 3986 3987
14 3989 3990
14 3991 3992
14 3993 3994
14 3996 4034
14 4039 4040
14 4047 4049
14 4060 4061
14 4068 4069
14 4073 4074
14 4076 4077
14 4085 4086
14 4095 4096
14 4097 4098
14 4101 4104
14 4105 4108
14 4110 4111
14 4112 4113
14 4667 4674
14 4676 4677
14 4681 4682
14 4685 4728
14 4731 4747
14 4748 4749
14 4751 4752
14 4754 4755
14 4759 4761
14 4763 4764
14 4768 4769
14 4770 4771
14 4773 4774
14 4777 4781
14 4783 4784
14 4785 4786
14 4787 4789
14 4792 4793
14 4796 4799
14 4806 4807
14 4808 4809
14 4811 4812
14 4815 4816
14 4821 4822
14 4824 4825
14 4829 4830
14 4835 4836
14 4838 4839
14 4840 4841
14 4847 4848
14 4853 4854
14 4855 4856
14 4862 4863
14 4873 4874
14 4884 4885
14 4894 4895
14 4903 4904
14 4918 4919
14 4921 4937
14 7214 7231
14 7232 7233
14 7234 7235
14 7237 7238
14 7241 7243
14 7246 7248
14 7249 7250
14 7252 7253
14 7258 7260
14 7262 7263
14 7268 7269
14 7270 7272
14 7273 7274
14 7280 7281
14 7282 7283
14 7285 7286
14 7287 7288
14 7301 7302
14 7303 7306
14 7310 7311
14 7313 7454
14 9022 9024
14 9025 9028
14 9029 9070
14 9075 9078
14 9082 9083
14 9093 9094
14 9097 9098
14 9099 9101
14 9105 9106
14 9107 9108
14 9109 9111
14 9112 9118
14 9119 9122
14 9123 9124
14 9125 9127
14 9128 9129
14 9131 9132
14 9133 9135
14 9136 9140
14 9141 9160
14 9250 9254
14 9255 9262
14 9263 9269
14 9279 9280
14 9971 10001
14 10012 10014
14 10016 10017
14 10023 10024
14 10031 10032
14 10033 10034
14 10040 10042
14 10047 10048
14 10050 10051
14 10056 10057
14 10058 10059
14 10061 10062
14 10063 10154
14 10159 10160
14 10629 10631
14 10633 10684
14 10685 10688
14 10695 10697
14 10706 10707
14 10708 10709
14 10710 10711
14 10718 10719
14 10721 10722
14 10725 10726
14 10727 10729
14 10731 10734
14 10738 10739
14 10742 10743
14 11603 11616
14 11618 11621
14 11632 11634
14 11640 11641
14 11662 11664
14 11672 11673
14 11693 11694
14 11695 11696
14 11697 11698
14 11701 11702
14 11709 11710
14 11714 11717
14 11718 11719
14 11728 11729
14 11733 11780
14 11782 11783
14 11786 11787
14 11788 11789
14 11793 11815
14 12419 12425
14 12426 12428
14 12429 12430
14 12432 12433
14 12435 12436
14 12437 12514
14 12516 12517
14 12523 12524
14 12530 12533
14 12535 12536
14 12544 12545
14 12547 12548
14 12550 12551
14 12552 12553
14 12560 12561
14 12562 12564
15 36 353
15 1175 1180
15 1183 1185
15 1187 1198
15 1199 1231
15 1234 1235
15 1237 1238
15 1242 1263
15 1264 1265
15 1270 1333
15 1335 1337
15 1339 1346
15 3380 3629
15 3630 3633
15 3634 3635
15 3639 3642
15 3646 3650
15 4974 4977
15 4983 4984
15 4994 4995
15 4999 5000
15 5006 5007
15 5011 5012
15 5013 5014
15 5016 5017
15 5022 5023
15 5036 5037
15 5039 5041
15 5043 5044
15 5052 5054
15 5055 5057
15 5063 5064
15 5065 5067
15 5069 5070
15 5072 5073
15 5076 5077
15 5081 5082
15 5090 5091
15 5092 5093
15 5105 5106
15 5122 5123
15 5133 5134
15 5142 5143
15 5144 5145
15 5149 5150
15 5162 5163
15 5186 5187
15 5199 5201
15 5230 5234
15 6956 6963
15 6964 6966
15 6976 6977
15 6979 6980
15 6983 7156
15 7160 7161
15 7163 7165
15 7167 7168
15 7172 7174
15 7179 7181
15 7184 7186
15 7192 7199
15 7201 7202
15 9173 9176
15 9180 9181
15 9183 9230
15 9234 9235
15 9236 9237
15 9239 9241
15 9242 9243
15 9248 9249
15 9255 9257
15 9258 9259
15 9260 9261
15 9262 9265
15 9266 9267
15 9271 9272
15 9277 9278
15 9281 9282
15 9283 9284
15 9288 9289
15 9291 9294
15 9298 9307
15 9723 9728
15 9733 9734
15 9737 9738
15 9740 9754
15 9755 9757
15 9772 9774
15 9778 9779
15 9782 9785
15 9787 9789
15 9794 9795
15 9798 9799
15 9802 9804
15 9808 9809
15 9811 9812
15 9814 9815
15 9822 9823
15 9824 9825
15 9827 9828
15 9832 9833
15 9837 9838
15 9839 9842
15 9843 9844
15 9845 9846
15 9852 9853
15 9854 9855
15 9859 9860
15 9865 9867
15 9868 9910
15 9912 9914
15 9921 9922
15 10792 10793
15 10794 10795
15 10797 10912
15 10914 10915
15 10918 10920
15 10928 10929
15 10930 10932
15 10933 10934
15 10936 10937
15 10938 10984
15 10995 10996
15 11000 11002
15 11005 11006
15 11009 11010
15 11011 11012
15 11017 11018
15 11087 11129
15 11426 11429
15 11430 11431
15 11437 11438
15 11442 11443
15 11445 11446
15 11452 11454
15 11459 11460
15 11461 11462
15 11464 11466
15 11470 11471
15 11473 11474
15 11479 11480
15 11482 11483
15 11492 11493
15 11494 11497
15 11498 11499
15 11503 11589
15 11590 11591
15 11598 11619
16 620 672
16 678 679
16 683 686
16 688 690
16 694 695
16 700 719
16 720 735
16 745 746
16 759 762
16 777 778
16 780 788
16 789 790
16 1566 1582
16 1592 1593
16 1597 1633
16 1671 1681
16 1682 1684
16 1689 1692
16 1693 1694
16 1696 1698
16 1699 1702
16 1704 1830
16 1832 1833
16 1834 1835
16 1838 1932
16 1933 1936
16 1937 1938
16 1939 1963
16 1964 1965
16 1973 1974
16 1976 1978
16 1980 1981
16 1984 1986
16 1989 1991
16 1992 1993
16 1994 1995
16 1996 1997
16 1999 2049
16 2248 2358
16 2365 2374
16 2412 2455
16 2458 2512
16 3963 3964
16 3966 3987
16 3988 3990
16 3993 3995
16 3997 3999
16 4001 4003
16 4004 4005
16 4006 4008
16 4010 4015
16 4021 4023
16 4033 4086
16 4089 4090
16 4100 4101
16 4102 4103
16 4116 4117
16 4132 4133
16 4138 4140
16 4143 4144
16 4145 4146
16 4151 4153
16 4155 4156
16 4166 4167
16 4172 4174
16 4175 4177
16 4180 4181
16 4183 4184
16 4186 4187
16 4188 4189
16 4192 4219
16 4681 4684
16 4693 4695
16 4700 4702
16 4703 4704
16 4705 4708
16 4712 4713
16 4718 4719
16 4728 4729
16 4731 4733
16 4739 4740
16 4743 4744
16 4749 4751
16 4753 4754
16 4763 4764
16 4772 4773
16 4775 4776
16 4782 4783
16 4795 4796
16 4797 4798
16 4807 4808
16 4812 4813
16 4830 4831
16 4848 4849
16 4854 4855
16 4863 4864
16 4865 4866
16 4872 4873
16 4876 4877
16 4878 4879
16 4883 4885
16 4891 4892
16 5220 5221
16 5223 5224
16 5225 5228
16 5232 5233
16 5237 5238
16 5241 5242
16 5244 5245
16 5246 5247
16 5248 5251
16 5253 5270
16 5275 5277
16 5281 5282
16 5284 5286
16 5290 5293
16 5294 5295
16 5297 5299
16 5308 5309
16 5315 5318
16 5325 5326
16 5327 5328
16 5329 5331
16 5334 5335
16 5340 5341
16 5342 5394
16 5396 5403
16 5410 5415
16 5418 5420
16 5425 5429
16 5433 5434
16 5441 5446
16 5454 5459
16 5465 5470
16 5471 5472
16 5476 5483
16 5501 5502
16 5503 5507
16 5511 5512
16 5513 5518
16 5519 5520
16 5523 5529
16 5536 5539
16 5548 5551
16 5553 5554
16 5561 5562
16 5565 5566
16 5569 5577
16 5590 5596
16 5606 5608
16 5610 5613
16 5620 5621
16 5636 5639
16 5641 5644
16 5650 5651
16 5659 5666
16 5669 5670
16 5680 5681
16 5683 5684
16 5685 5686
16 5688 5689
16 7513 7517
16 7518 7541
16 7542 7543
16 7547 7548
16 7551 7552
16 7553 7559
16 7560 7561
16 7565 7567
16 7573 7574
16 7575 7618
16 7626 7712
16 7713 7714
16 7715 7717
16 7721 7722
16 7723 7724
16 7726 7728
16 7730 7731
16 7737 7738
16 7743 7744
16 7745 7746
16 7752 7753
16 7761 7762
16 7787 7788
16 7796 7797
16 7820 7821
16 7840 7841
16 7851 7852
16 7855 7857
16 7858 7860
16 7867 7868
16 7870 7873
16 7874 7879
16 7881 7883
16 7884 7905
16 7908 7978
16 7984 7985
16 7986 7987
16 7996 7999
16 8000 8001
16 8002 8003
16 8006 8007
16 8008 8009
16 8015 8016
16 8018 8019
16 8025 8026
16 8032 8033
16 8036 8038
16 8041 8043
16 8050 8068
16 8069 8074
16 8121 8128
16 8129 8134
16 8135 8137
16 8141 8145
16 8147 8148
16 8150 8151
16 8158 8162
16 8164 8167
16 8168 8169
16 8175 8176
16 8177 8178
16 8180 8181
16 8183 8184
16 8185 8186
16 8187 8188
16 8191 8192
16 8194 8195
16 8202 8203
16 8204 8205
16 8208 8209
16 8216 8217
16 8221 8223
16 8224 8225
16 8232 8235
16 8248 8249
16 8253 8254
16 8274 8276
16 8280 8282
16 8284 8285
16 8289 8290
16 8294 8295
16 8386 8387
16 8389 8391
16 8404 8405
16 8408 8409
16 8425 8426
16 8444 8445
16 8446 8448
16 8460 8461
16 8463 8464
16 8487 8488
16 8497 8500
16 8501 8502
16 8513 8514
16 8515 8516
16 8528 8530
16 8561 8562
16 8564 8565
16 8577 8578
16 8579 8580
16 8595 8597
16 8598 8599
16 8614 8616
16 8628 8630
16 8646 8647
16 8667 8668
16 8693 8694
16 8698 8699
16 8700 8701
16 8709 8710
16 8711 8712
16 8729 8731
16 8750 8751
16 8753 8754
16 8760 8761
16 8762 8763
16 8766 8767
16 8775 8776
16 8779 8781
16 8783 8784
16 8789 8793
16 8799 8800
16 8810 8811
16 8814 8815
16 8823 8824
16 8828 8830
16 8834 8835
16 8838 8840
16 8841 8842
16 8844 8845
16 8846 8922
16 8923 8924
16 8929 8930
16 8934 8935
16 8943 8945
16 8956 8957
16 8958 8959
16 8970 8971
16 10261 10264
16 10276 10277
16 10278 10280
16 10287 10291
16 10292 10326
16 10328 10330
16 10331 10332
16 10336 10339
16 10346 10347
16 10358 10359
16 10362 10363
16 10366 10368
16 10371 10374
16 10377 10379
16 10385 10387
16 10388 10389
16 10392 10393
16 10395 10396
16 10397 10398
16 10400 10402
16 10403 10404
16 10407 10408
16 10414 10415
16 10420 10422
16 10423 10424
16 10426 10429
16 10431 10432
16 10433 10563
16 11826 11830
16 11843 11844
16 11851 11854
16 11859 11860
16 11861 11863
16 11864 11865
16 11866 11868
16 11871 11872
16 11874 11875
16 11879 11882
16 11892 11893
16 11897 11898
16 11904 11905
16 11906 11907
16 11915 11916
16 11917 11918
16 11921 11922
16 11924 11963
16 11965 11966
16 11975 11976
16 11982 11983
16 11985 11991
17 567 570
17 571 630
17 632 634
17 643 644
17 646 647
17 648 651
17 656 657
17 659 700
17 701 702
17 703 704
17 707 708
17 713 716
17 721 722
17 735 739
17 744 745
17 746 747
17 752 753
17 757 759
17 765 766
17 774 775
17 776 777
17 783 786
17 787 788
17 791 792
17 798 799
17 801 802
17 816 817
17 822 824
17 830 831
17 1523 1524
17 1527 1529
17 1531 1533
17 1536 1542
17 1544 1545
17 1546 1547
17 1549 1550
17 1551 1553
17 1556 1557
17 1559 1562
17 1564 1565
17 1566 1568
17 1571 1572
17 1573 1579
17 1580 1582
17 1585 1592
17 1603 1604
17 1605 1607
17 1611 1614
17 1615 1616
17 1620 1621
17 1627 1628
17 1632 1633
17 1634 1705
17 1706 1707
17 1708 1712
17 1720 1722
17 1723 1724
17 1726 1727
17 1729 1730
17 1737 1738
17 1743 1744
17 1749 1750
17 1753 1754
17 1757 1758
17 1766 1767
17 1769 1772
17 1774 1775
17 1780 1781
17 1782 1784
17 1786 1787
17 1789 1791
17 1792 1794
17 1800 1801
17 1802 1803
17 1805 1806
17 1812 1813
17 1822 1823
17 1833 1838
17 1840 1841
17 1842 1843
17 1848 1849
17 1851 1854
17 1946 1947
17 1951 1952
17 1969 1970
17 1975 1976
17 1977 1978
17 1980 1981
17 1982 1983
17 1989 1990
17 1995 1997
17 2003 2004
17 3959 3961
17 3963 3966
17 3969 3973
17 3974 3975
17 3978 3980
17 3982 3983
17 3986 3988
17 3990 3995
17 4000 4001
17 4011 4012
17 4016 4022
17 4030 4033
17 4038 4040
17 4045 4046
17 4047 4048
17 4050 4051
17 4053 4054
17 4055 4056
17 4067 4068
17 4071 4072
17 4073 4074
17 4075 4076
17 4077 4078
17 4081 4082
17 4086 4192
17 4330 4428
17 4509 4570
17 4575 4598
17 4601 4686
17 4687 4689
17 4696 4697
17 4698 4700
17 4702 4703
17 4709 4710
17 4717 4718
17 4730 4731
17 4733 4737
17 4744 4745
17 4746 4747
17 4748 4749
17 4751 4752
17 4753 4754
17 4757 4758
17 4760 4763
17 4764 4787
17 5190 5191
17 5214 5215
17 5216 5217
17 5219 5220
17 5221 5223
17 5236 5238
17 5239 5240
17 5247 5248
17 5254 5255
17 5256 5258
17 5259 5261
17 5263 5266
17 5270 5271
17 5272 5273
17 5275 5276
17 5286 5289
17 5293 5294
17 5298 5303
17 5304 5305
17 7507 7510
17 7511 7512
17 7514 7515
17 7521 7522
17 7524 7525
17 7528 7530
17 7532 7533
17 7536 7538
17 7541 7553
17 7554 7555
17 7559 7577
17 7582 7583
17 7584 7586
17 7591 7592
17 7593 7594
17 7595 7596
17 7597 7600
17 7607 7608
17 7612 7613
17 7615 7626
17 7630 7631
17 7634 7635
17 7636 7638
17 7639 7641
17 7646 7647
17 7649 7650
17 7660 7661
17 7663 7664
17 7666 7668
17 7674 7675
17 7687 7689
17 7690 7691
17 7695 7696
17 7712 7713
17 7719 7720
17 7736 7737
17 7738 7739
17 7741 7742
17 7758 7759
17 7768 7769
17 7770 7771
17 7772 7773
17 7817 7818
17 7820 7821
17 7857 7858
17 7862 7864
17 7870 7873
17 7877 7879
17 7885 7886
17 7887 7888
17 7889 7890
17 7901 7902
17 7903 7904
17 7906 7908
17 7917 7919
17 7923 7924
17 7931 7932
17 7947 7948
17 7949 7950
17 7952 7953
17 7955 7956
17 7964 7965
17 7972 7973
17 7975 8113
17 8117 8118
17 8121 8122
17 8125 8161
17 8192 8239
17 8810 8811
17 8816 8818
17 8821 8822
17 8831 8832
17 8834 8835
17 8837 8838
17 8842 8843
17 8846 8848
17 8850 8851
17 8855 8856
17 8865 8866
17 8868 8869
17 8872 8873
17 8876 8877
17 8882 8883
17 8887 8889
17 8895 8896
17 8897 8898
17 8899 8900
17 8903 8904
17 8905 8906
17 8912 8913
17 8921 9033
17 10161 10165
17 10167 10169
17 10170 10172
17 10174 10175
17 10176 10177
17 10180 10183
17 10189 10191
17 10197 10199
17 10205 10208
17 10217 10218
17 10221 10231
17 10232 10234
17 10235 10244
17 10245 10246
17 10249 10253
17 10254 10255
17 10256 10257
17 10263 10264
17 10266 10268
17 10275 10276
17 10280 10281
17 10285 10286
17 10297 10298
17 10307 10308
17 10309 10311
17 10313 10314
17 10315 10316
17 10319 10320
17 10329 10330
17 10340 10345
17 10348 10349
17 10357 10358
17 10365 10366
17 10368 10369
17 10370 10371
17 10374 10377
17 10380 10381
17 10383 10384
17 10501 10502
17 10504 10505
17 10510 10511
17 10521 10522
17 10524 10525
17 10528 10530
17 10534 10536
17 10537 10538
17 10539 10541
17 10545 10546
17 10547 10548
17 10554 10564
17 10566 10567
17 11762 11791
17 11792 11794
17 11813 11814
17 11817 11819
17 11825 11826
17 11827 11828
17 11831 11832
17 11833 11835
17 11836 11840
17 11844 11846
17 11854 11856
17 11858 11859
17 11865 11866
17 11868 11869
17 11873 11875
17 11876 11878
17 11882 11883
17 11884 11885
17 11887 11888
17 11891 11892
17 11893 11894
17 11895 11896
17 11899 11904
17 11908 11911
17 11916 11918
17 11925 11927
17 11935 11936
17 11939 11940
17 11941 11942
17 11945 11948
17 11950 11952
17 11955 11957
17 11963 11964
17 11967 11968
17 11977 11978
17 11982 11983
17 11988 11989
17 11993 11994
17 11997 11998
17 12002 12003
17 12004 12005
17 12010 12035
17 12042 12043
17 12468 12469
17 12473 12476
17 12478 12479
17 12480 12481
18 749 753
18 754 755
18 762 764
18 768 769
18 771 772
18 775 777
18 779 799
18 802 803
18 804 806
18 811 812
18 813 814
18 818 819
18 820 821
18 825 826
18 836 837
18 846 847
18 848 854
18 855 859
18 1816 1822
18 1824 1827
18 1830 1831
18 1838 1839
18 1847 1848
18 1850 1852
18 1858 1859
18 1860 1861
18 1867 1869
18 1872 1873
18 1875 1877
18 1878 1881
18 1882 1883
18 1885 1886
18 1891 1892
18 1896 1897
18 1899 1900
18 1903 1906
18 1910 1912
18 1916 1917
18 1921 1922
18 1933 1934
18 1935 1937
18 1942 1943
18 1946 1947
18 1950 1951
18 1952 1954
18 1956 1957
18 1968 1969
18 1972 1973
18 1979 1980
18 1982 1985
18 1991 1992
18 1993 1994
18 2009 2010
18 2012 2013
18 2016 2018
18 2019 2020
18 2021 2022
18 2025 2026
18 2030 2033
18 2045 2046
18 2059 2060
18 2061 2064
18 2077 2079
18 2080 2081
18 2114 2119
18 2132 2136
18 2137 2138
18 2146 2147
18 2157 2162
18 2173 2176
18 2177 2180
18 2193 2195
18 2201 2203
18 2205 2206
18 2220 2221
18 2227 2228
18 2269 2270
18 2272 2273
18 2284 2285
18 2287 2288
18 2304 2305
18 2309 2310
18 2338 2339
18 2345 2346
18 2362 2363
18 2381 2382
18 2385 2386
18 2387 2388
18 2403 2404
18 2417 2418
18 2443 2444
18 2446 2448
18 2450 2451
18 2456 2457
18 2461 2463
18 2464 2465
18 2479 2480
18 2482 2483
18 2484 2485
18 2499 2500
18 2504 2506
18 2515 2520
18 2521 2529
18 2539 2545
18 2699 2706
18 2717 2725
18 2728 2729
18 2736 2745
18 2758 2759
18 2760 2767
18 2774 2775
18 2791 2799
18 2814 2815
18 3995 3996
18 3999 4001
18 4002 4005
18 4006 4007
18 4008 4010
18 4011 4013
18 4015 4017
18 4018 4020
18 4023 4027
18 4028 4029
18 4030 4034
18 4037 4040
18 4042 4043
18 4058 4059
18 4064 4065
18 4069 4070
18 4072 4073
18 4079 4081
18 4082 4086
18 4088 4089
18 4090 4092
18 4093 4094
18 4097 4098
18 4099 4100
18 4103 4104
18 4105 4106
18 4107 4108
18 4111 4112
18 4117 4118
18 4119 4121
18 4125 4126
18 4127 4131
18 4133 4134
18 4136 4138
18 4141 4142
18 4143 4148
18 4149 4151
18 4152 4153
18 4158 4159
18 4164 4165
18 4483 4486
18 4504 4505
18 4588 4590
18 4592 4596
18 4688 4733
18 4740 4741
18 4744 4745
18 4752 4753
18 4756 4757
18 4764 4765
18 4767 4768
18 4771 4772
18 4774 4776
18 4781 4783
18 4784 4785
18 4787 4788
18 4791 4792
18 4794 4797
18 4802 4803
18 4804 4806
18 4819 4821
18 4839 4840
18 4957 4958
18 4976 4977
18 4979 4980
18 4985 4986
18 4992 4993
18 5007 5008
18 5028 5029
18 5035 5039
18 5040 5041
18 5044 5045
18 5047 5048
18 5051 5052
18 5054 5055
18 5056 5057
18 5058 5059
18 5060 5062
18 5063 5064
18 5066 5067
18 5070 5071
18 5072 5073
18 5075 5076
18 5082 5083
18 5084 5085
18 5089 5090
18 5091 5096
18 5107 5108
18 5114 5116
18 5124 5125
18 5130 5131
18 5155 5156
18 5164 5165
18 5169 5170
18 5178 5179
18 5183 5184
18 5186 5188
18 5197 5198
18 5217 5218
18 5222 5223
18 5229 5230
18 5231 5232
18 5235 5236
18 5243 5244
18 5247 5248
18 5251 5253
18 5256 5257
18 5261 5263
18 5273 5274
18 5278 5279
18 5286 5287
18 5290 5291
18 5724 5745
18 5754 5756
18 5757 5761
18 5762 5776
18 5779 5780
18 5781 5782
18 5789 5795
18 5796 5809
18 5811 5812
18 5820 5821
18 5824 5841
18 5847 5848
18 5860 5867
18 5868 5874
18 5875 5876
18 5879 5881
18 5898 5912
18 5921 5922
18 5937 5938
18 5947 5948
18 6237 6240
18 6245 6248
18 6251 6326
18 6328 6329
18 6331 6333
18 6335 6336
18 7541 7542
18 7543 7547
18 7548 7551
18 7552 7553
18 7556 7557
18 7559 7560
18 7561 7565
18 7567 7568
18 7569 7573
18 7577 7578
18 7579 7581
18 7582 7583
18 7584 7587
18 7589 7590
18 7596 7597
18 7604 7606
18 7613 7614
18 7618 7625
18 7627 7628
18 7631 7632
18 7643 7644
18 7653 7655
18 7670 7671
18 7673 7674
18 7682 7683
18 7684 7685
18 7696 7697
18 7698 7699
18 7700 7702
18 7703 7704
18 7706 7707
18 7759 7760
18 7764 7765
18 7769 7770
18 7774 7776
18 7777 7778
18 7779 7780
18 7786 7787
18 7788 7789
18 7792 7797
18 7798 7799
18 7801 7804
18 7805 7808
18 7809 7811
18 7816 7822
18 7841 7843
18 7844 7845
18 7848 7850
18 7863 7865
18 7866 7867
18 7868 7881
18 7882 7915
18 7919 7920
18 7921 7922
18 7923 7924
18 7934 7935
18 7937 7938
18 7941 7954
18 7957 7958
18 7961 7962
18 8855 8856
18 8859 8860
18 8864 8866
18 8868 8869
18 8871 8872
18 8875 8876
18 8878 8879
18 8880 8881
18 8889 8890
18 8901 8902
18 8908 8910
18 8911 8912
18 8915 8916
18 8920 8921
18 8922 8923
18 8925 8926
18 8931 8932
18 8933 8934
18 8936 8937
18 8939 8941
18 8942 8943
18 8948 8949
18 8950 8951
18 8961 8963
18 8964 8966
18 8968 8969
18 8976 8977
18 8978 8979
18 8982 8983
18 8984 8985
18 8987 8989
18 8991 8992
18 8998 9000
18 9001 9003
18 9007 9009
18 9013 9014
