0 0 60
0 120 180
0 240 300
0 390 450
0 480 690
0 720 810
0 1770 1950
0 2040 2070
0 3990 4050
0 4710 4800
0 5160 5280
0 7800 7920
0 8340 8370
0 8850 8880
0 10560 10590
0 10770 10800
0 10980 11010
0 11250 11280
0 11460 11490
0 11640 11670
0 11730 12030
0 12120 12150
0 12180 12330
0 12390 12450
0 12480 12570
0 12630 12660
0 12690 12870
1 0 120
1 240 270
1 300 390
1 420 570
1 600 720
1 750 780
1 810 1200
1 1230 1320
1 1350 1770
1 1800 1890
1 1950 1980
1 2220 2250
1 3210 3240
1 3720 3810
1 3840 3870
1 4020 4050
1 4350 4410
1 4470 4500
1 4560 4680
1 4710 4770
1 4800 5250
1 5280 5310
1 5340 5370
1 5400 5490
1 5520 5760
1 5790 5850
1 6240 6270
1 6300 6390
1 7680 7710
1 7740 8070
1 8190 8250
1 10560 10710
1 10740 10860
1 10890 10920
1 10950 10980
1 11010 11160
1 11190 11400
1 11430 11580
1 11610 11760
1 11790 12120
1 12180 12210
1 12240 12390
1 12420 12690
1 12720 12900
2 0 60
2 210 270
2 300 420
2 480 570
2 630 660
2 690 990
2 1050 1080
2 1110 1140
2 1200 1410
2 1560 1980
2 2040 2070
2 2100 2220
2 2250 2310
2 2340 2370
2 2400 2460
2 2520 2550
2 2610 2700
2 2730 2760
2 3180 3210
2 3990 4350
2 4380 4410
2 4440 4500
2 4530 4620
2 4650 4710
2 4740 5430
2 5580 5880
2 5940 5970
2 6120 6150
2 7530 7560
2 7740 7920
2 7980 8040
2 8070 8100
2 8910 8940
2 9090 9150
2 10140 10170
2 10320 10350
2 10470 10530
2 10620 10650
2 10860 10890
2 10950 10980
2 11790 11940
2 11970 12030
2 12180 12210
2 12270 12330
2 12360 12390
2 12510 12540
2 12690 12720
3 0 30
3 60 120
3 240 270
3 300 390
3 420 540
3 570 660
3 690 780
3 1020 1050
3 1590 1620
3 1710 1770
3 1920 1950
3 4020 4080
3 4440 4470
3 4710 4770
3 6720 6750
3 7530 7590
3 7770 7800
3 7860 7950
3 8880 8940
3 10500 10530
3 10920 10950
3 11640 11670
3 11700 11760
3 11820 12030
3 12090 12180
3 12240 12270
3 12300 12330
3 12390 12420
3 12570 12600
3 12690 12720
3 12750 12840
4 0 60
4 120 180
4 240 360
4 390 420
4 450 540
4 570 810
4 960 990
4 1260 1290
4 1560 1620
4 1680 2160
4 2190 2400
4 2430 2700
4 3990 4170
4 4260 4290
4 4320 4350
4 4380 4800
4 4830 4980
4 5070 5100
4 5190 5250
4 5280 5520
4 5550 5820
4 5850 5880
4 6090 6120
4 6720 6810
4 7530 7710
4 7800 8040
4 8220 8280
4 8820 8970
4 10440 10530
4 10560 10590
4 11520 11550
4 11850 11970
4 12270 12300
5 0 30
5 60 90
5 150 180
5 210 300
5 330 390
5 420 540
5 570 720
5 750 1650
5 1680 1710
5 1740 1770
5 1800 1860
5 1920 1980
5 2070 2100
5 2220 2250
5 3180 3210
5 3660 3870
5 3900 3930
5 4230 4260
5 4380 4440
5 4500 4530
5 4560 4590
5 4710 4740
5 4770 4860
5 4920 5190
5 5640 5850
5 5880 6000
5 6090 6210
5 6240 6270
5 6300 6510
5 6540 6720
5 6780 6870
5 7680 8040
5 8100 8160
5 8190 8220
5 8250 8280
5 8400 8430
5 8640 8670
5 8730 8790
5 8820 8970
5 9750 9780
5 10020 10050
5 10500 10560
5 10620 10650
5 10740 10830
5 10860 11190
5 11220 11400
5 11430 11790
5 11850 12030
5 12060 12390
5 12450 12900
6 30 90
6 120 210
6 240 360
6 390 450
6 480 600
6 630 1140
6 1200 1320
6 1350 1590
6 1650 1740
6 1770 1800
6 1830 1920
6 1950 2190
6 2220 2400
6 2430 2550
6 2580 2640
6 2670 2910
6 2970 3060
6 3090 3180
6 3240 3600
6 3660 3870
6 3930 4050
6 4080 4110
6 4140 4200
6 4230 4290
6 4320 4410
6 4440 4620
6 4650 4710
6 4740 5310
6 5340 5430
6 5460 5610
6 5640 5850
6 5880 6030
6 6060 6090
6 6120 6300
6 6330 6420
6 6450 6600
6 6630 6720
6 6750 6840
6 6870 7050
6 7080 7290
6 7320 7410
6 7440 7920
6 8010 8280
6 8310 8460
6 8490 8610
6 8670 8790
6 8820 8850
6 8880 9060
6 9090 9180
6 9210 9270
6 9360 9420
6 9450 9540
6 9570 9720
6 9750 9900
6 9930 10050
6 10080 10110
6 10170 10200
6 10230 10260
6 10290 10320
6 10350 10950
6 10980 11070
6 11820 11850
6 12870 12900
7 0 60
7 120 150
7 180 300
7 360 390
7 420 600
7 630 1080
7 1110 1200
7 1230 1410
7 1440 1470
7 1500 1650
7 1680 1710
7 1740 1770
7 1830 2040
7 2070 2100
7 2130 2190
7 2220 2310
7 2340 2370
7 2400 2640
7 2730 2940
7 2970 3180
7 3240 3300
7 3330 3420
7 3450 3540
7 3570 3630
7 3660 3780
7 3840 4140
7 4230 4260
7 4290 4680
7 4710 4800
7 4830 4860
7 4890 4920
7 4950 5130
7 5250 5280
7 5310 5340
7 5370 5460
7 5490 5670
7 5730 5790
7 5820 5910
7 5970 6180
7 6210 6540
7 6600 6660
7 6690 6870
7 6930 6960
7 6990 7140
7 7170 7230
7 7260 7800
7 7830 7890
7 7920 7950
7 8040 8100
7 8130 8310
7 8340 8430
7 8460 8580
7 8670 8700
7 8730 8790
7 8820 9000
7 9030 9090
7 9120 9150
7 9180 9390
7 9420 9450
7 9480 9630
7 9660 9720
7 9780 10530
7 10860 11160
7 11190 11220
7 11250 11340
7 12840 12870
8 0 30
8 90 210
8 240 450
8 480 510
8 540 600
8 660 840
8 870 1080
8 1110 1230
8 1260 1410
8 1440 1590
8 1620 1680
8 1740 2070
8 2160 2340
8 2400 2460
8 2490 2580
8 2610 2760
8 2790 2820
8 2850 3030
8 3150 3330
8 3360 3480
8 3510 3690
8 3720 3840
8 3870 3960
8 3990 4140
8 4170 4200
8 4260 4620
8 4710 5040
8 5070 5100
8 5160 5340
8 5370 5430
8 5460 5610
8 5640 5670
8 5730 5760
8 5790 5820
8 5850 5910
8 5940 5970
8 6000 6090
8 6120 6330
8 6360 6450
8 6480 6570
8 6600 6660
8 6690 6780
8 6810 6870
8 6900 6930
8 6960 7260
8 7290 7320
8 7380 7710
8 7740 7920
8 7950 8010
8 8040 8160
8 8190 8370
8 8430 8850
8 8880 8910
8 8940 9420
8 9450 9480
8 9510 9540
8 9570 9660
8 9720 9870
8 9930 10080
8 10110 10200
8 10230 10260
8 10290 10500
8 10530 10860
8 10890 10950
8 12870 12900
9 0 150
9 180 270
9 300 420
9 450 600
9 660 1200
9 1230 1650
9 1680 2400
9 2430 2700
9 2730 2940
9 2970 3360
9 3390 3630
9 3660 3690
9 3720 3870
9 3900 4200
9 4230 4470
9 4500 4860
9 4890 5130
9 5160 5190
9 5220 5280
9 5310 5460
9 5490 6090
9 6120 6420
9 6450 7470
9 7500 7680
9 7740 7800
9 7890 7920
9 7980 8280
9 8310 9150
9 9180 9270
9 9300 9360
9 9390 10530
9 10770 11010
9 11040 11100
9 11130 11340
9 12720 12840
10 0 90
10 240 300
10 360 600
10 630 690
10 750 1320
10 1500 1530
10 1560 1950
10 1980 2040
10 2070 2220
10 2250 2280
10 2310 2370
10 2520 2550
10 2700 2790
10 3120 3150
10 3180 3360
10 3450 3480
10 3900 3990
10 4020 4830
10 4980 5040
10 5250 5280
10 5520 5550
10 6000 6030
10 6090 6120
10 6660 6690
10 6750 6780
10 6810 6870
10 6900 6930
10 7410 7500
10 7530 7770
10 8010 8130
10 8160 8760
10 8880 9090
10 9120 9300
10 9330 9360
10 9390 9420
10 9450 9600
10 9630 9780
10 9870 9900
10 9990 10020
10 10050 10080
10 10500 10530
10 10590 10620
10 10800 10860
10 10890 11070
10 11100 11220
10 11250 11280
10 11310 11340
10 11370 11430
10 11460 11520
10 11550 12060
10 12090 12120
10 12180 12240
10 12390 12420
10 12450 12690
11 240 420
11 510 540
11 1290 1410
11 1470 1500
11 3600 3780
11 3810 3840
11 4830 5010
11 6390 6420
11 7140 7170
11 7200 7260
11 7290 7320
11 8130 8160
11 9060 9180
11 9870 9900
11 9930 9990
11 10680 10740
11 11550 11670
11 12120 12150
11 12510 12570
12 0 60
12 240 270
12 300 330
12 360 390
12 420 450
12 480 660
12 690 840
12 870 960
12 1020 1050
12 1110 1140
12 1410 1560
12 1620 1950
12 1980 2070
12 2610 2640
12 3240 3270
12 3330 3360
12 3780 3810
12 3840 4170
12 4200 4230
12 4260 4560
12 4590 4800
12 4920 4980
12 5160 5190
12 5550 5580
12 6000 6060
12 6330 6360
12 6540 6570
12 7380 7710
12 8040 8070
12 8100 8130
12 8190 8280
12 8310 8370
12 8400 8460
12 8490 8670
12 8700 8940
12 8970 9030
12 9060 9630
12 9780 9810
12 9870 9900
12 9990 10020
12 10110 10140
12 10590 10620
12 10830 10860
12 11490 11820
12 11850 11880
12 11910 12030
12 12120 12150
12 12180 12270
12 12300 12390
12 12480 12600
12 12840 12870
13 0 30
13 60 90
13 120 210
13 270 330
13 360 390
13 420 450
13 480 660
13 720 870
13 900 1020
13 1050 1140
13 1170 1260
13 1290 1350
13 1380 1410
13 1470 1650
13 1680 1710
13 1740 1800
13 1830 1920
13 1980 2010
13 2070 2340
13 2370 2550
13 2610 2640
13 2700 2730
13 2760 2970
13 3000 3120
13 3180 3240
13 3270 3420
13 3450 3540
13 3570 3660
13 3750 3930
13 3990 4050
13 4110 4410
13 4500 4590
13 4650 4680
13 4710 4950
13 4980 5070
13 5130 5160
13 5190 5220
13 5250 5280
13 5310 5340
13 5490 5520
13 5550 5580
13 5640 5670
13 5730 5880
13 5910 6030
13 6060 6090
13 6120 6180
13 6210 6570
13 6600 6630
13 6660 6720
13 6750 6960
13 6990 7080
13 7170 7350
13 7410 7440
13 7500 7590
13 7620 7860
13 7890 8040
13 8130 8160
13 8190 8400
13 8490 8550
13 8640 8670
13 8730 8850
13 8880 8970
13 9000 9060
13 9090 9120
13 9180 9480
13 9510 9540
13 9570 9630
13 9660 9720
13 9750 9780
13 9840 9870
13 9990 10170
13 10200 10290
13 10320 10350
13 10380 10590
13 10620 10710
13 10740 10770
13 10800 10860
13 10950 11070
13 11160 11370
13 11400 11430
13 11460 11490
13 11520 11550
13 11610 11670
13 11730 11790
13 11820 11850
13 11880 11940
13 11970 12030
13 12060 12270
13 12330 12540
13 12600 12660
13 12690 12900
14 0 30
14 300 330
14 450 570
14 1410 1530
14 1590 1650
14 3810 3930
14 4020 4140
14 4410 4440
14 4680 4830
14 6750 6780
14 7350 7470
14 9030 9120
14 10110 10170
14 10620 10680
14 11700 11790
14 12450 12510
14 12780 12810
15 0 30
15 210 300
15 390 420
15 1260 1350
15 1410 1440
15 3390 3420
15 3540 3660
15 3720 3750
15 4980 5160
15 6300 6330
15 7020 7050
15 7080 7200
15 9180 9240
15 9270 9300
15 9840 9930
15 10800 10860
15 11520 11610
15 12840 12870
16 0 30
16 60 180
16 210 270
16 330 480
16 540 630
16 660 840
16 1590 1620
16 1680 2010
16 2040 2100
16 2130 2190
16 2250 2700
16 4020 4110
16 4200 4230
16 4380 4800
16 4830 4920
16 5190 5310
16 5340 5370
16 5400 5460
16 5550 5640
16 5670 5700
16 5730 5760
16 6090 6150
16 6720 6780
16 6840 6870
16 7560 7740
16 7860 7980
16 8190 8220
16 8820 8940
16 10290 10350
16 10410 10440
16 10470 10560
16 11850 11970
16 12660 12690
17 0 60
17 90 120
17 180 240
17 330 390
17 420 510
17 540 840
17 900 930
17 960 1050
17 1080 1140
17 1500 2010
17 2070 2100
17 2250 2310
17 2430 2550
17 4020 4080
17 4140 4440
17 4470 4500
17 4530 4590
17 4650 4830
17 4920 5100
17 5190 5280
17 5310 5400
17 5460 5490
17 6600 6630
17 6750 6840
17 7410 7440
17 7560 7710
17 7830 8100
17 8820 9090
17 9150 9180
17 10170 10200
17 10260 10320
17 10350 10380
17 10440 10470
17 10500 10560
17 11790 12000
17 12780 12810
18 0 30
18 120 210
18 300 360
18 450 540
18 660 690
18 750 900
18 1830 1980
18 2190 2220
18 2280 2310
18 2550 2580
18 3480 3510
18 3540 3570
18 3720 3750
18 4020 4050
18 4080 4170
18 4260 4440
18 4740 4830
18 4950 5040
18 5130 5310
18 6120 6180
18 6300 6330
18 7770 7890
18 8910 8940
18 9150 9180
18 10440 10470
18 10680 10740
18 10920 11010
18 11250 11310
18 11520 11550
18 11880 11940
18 12120 12180
18 12480 12540
18 12720 12780
