0 723 801
0 1744 1953
0 3964 4030
0 4709 4806
0 5163 5244
0 7515 7688
0 7695 7715
0 7773 7920
0 8783 8815
0 8818 8819
0 8833 8839
0 8843 8860
1 806 1095
1 1096 1098
1 1103 1107
1 1109 1110
1 1114 1115
1 1116 1120
1 1128 1135
1 1144 1150
1 1156 1161
1 1164 1166
1 1167 1168
1 1178 1179
1 1180 1189
1 1230 1237
1 1238 1242
1 1246 1247
1 1250 1251
1 1260 1261
1 1263 1272
1 1275 1277
1 1291 1293
1 1294 1304
1 1322 1325
1 1326 1335
1 1336 1338
1 1351 1353
1 1354 1355
1 1356 1367
1 1369 1370
1 1375 1376
1 1390 1402
1 1403 1405
1 1421 1423
1 1424 1432
1 1433 1434
1 1435 1436
1 1450 1462
1 1478 1479
1 1480 1492
1 1495 1496
1 1513 1514
1 1515 1522
1 1524 1532
1 1533 1534
1 1545 1551
1 1552 1557
1 1562 1564
1 1565 1566
1 1579 1580
1 1584 1585
1 1588 1589
1 1590 1591
1 1594 1607
1 1608 1609
1 1612 1614
1 1615 1616
1 1641 1645
1 1648 1660
1 1661 1662
1 1668 1678
1 1683 1686
1 1687 1696
1 1702 1709
1 1711 1712
1 1716 1720
1 1732 1733
1 1802 1804
1 1818 1819
1 1820 1825
1 1835 1836
1 1838 1843
1 1852 1853
1 1854 1860
1 1870 1871
1 1873 1879
1 1890 1891
1 1892 1898
1 1908 1914
1 1924 1930
1 1940 1946
1 1954 1957
1 1964 1969
1 1970 1971
1 1972 1973
1 1975 1976
1 1988 1989
1 1990 1996
1 2006 2012
1 2021 2022
1 2024 2025
1 2026 2032
1 2038 2043
1 2050 2056
1 2064 2069
1 2073 2074
1 2076 2077
1 2079 2083
1 2092 2098
1 2107 2114
1 2122 2128
1 2136 2142
1 2150 2156
1 2163 2164
1 2165 2171
1 2180 2186
1 2194 2200
1 2207 2212
1 2213 2214
1 2221 2227
1 2235 2241
1 2250 2256
1 2264 2270
1 2272 2273
1 2278 2284
1 2292 2299
1 2306 2307
1 2308 2314
1 2320 2321
1 2322 2328
1 2334 2336
1 2337 2341
1 2346 2347
1 2348 2353
1 2360 2367
1 2368 2370
1 2376 2381
1 2382 2385
1 2390 2391
1 2392 2400
1 2406 2413
1 2419 2426
1 2427 2428
1 2434 2441
1 2442 2443
1 2448 2453
1 2454 2459
1 2465 2475
1 2481 2487
1 2488 2489
1 2496 2501
1 2505 2506
1 2519 2524
1 2525 2526
1 2543 2549
1 2561 2562
1 2563 2566
1 2567 2569
1 2573 2574
1 4750 5153
1 5158 5254
1 5614 5758
1 5775 5778
1 5779 5780
1 5784 5785
1 5787 5788
1 5792 5793
1 5796 5800
1 5802 5804
1 5805 5891
1 5934 5948
1 5994 5996
1 5997 5998
1 6008 6026
1 6028 6031
1 6122 6178
1 6189 6279
1 6835 6983
1 7164 7201
1 7588 7590
1 7599 7605
1 7606 7607
1 7609 7610
1 7618 7626
1 7637 7638
1 7639 7642
1 7647 7651
1 7656 7657
1 7658 7659
1 7672 7863
2 601 960
2 985 986
2 987 988
2 1001 1009
2 1010 1011
2 1018 1025
2 1032 1039
2 1044 1045
2 1048 1057
2 1082 1084
2 1085 1089
2 1100 1107
2 1108 1109
2 1122 1128
2 1132 1133
2 1141 1147
2 1148 1149
2 1166 1172
2 1180 1181
2 1197 1203
2 1220 1221
2 1222 1227
2 1252 1253
2 1266 1271
2 1273 1274
2 1287 1288
2 1550 1682
2 1714 1841
2 1844 1881
2 1920 1947
2 1948 1982
2 3954 4128
2 4595 4618
2 4648 5089
2 5101 5102
2 5103 5126
2 5142 5291
2 5601 5701
2 5761 5762
2 5763 5764
2 5833 5869
2 6122 6235
2 7510 7973
2 7977 8004
2 8052 8101
2 8132 8134
2 8135 8137
2 8141 8148
2 8149 8154
2 8155 8158
2 8361 8362
2 8367 8370
2 8371 8373
2 8383 8389
2 8403 8406
2 8407 8410
2 8422 8423
2 8425 8430
2 8442 8443
2 8447 8448
2 8450 8455
2 8460 8461
2 8472 8478
2 8479 8480
2 8491 8494
2 8495 8497
2 8498 8499
2 8507 8508
2 8510 8515
2 8517 8518
2 8531 8532
2 8533 8536
2 8537 8539
2 8553 8554
2 8555 8556
2 8557 8562
2 8564 8565
2 8575 8576
2 8577 8578
2 8579 8584
2 8588 8589
2 8597 8598
2 8599 8605
2 8615 8616
2 8617 8625
2 8635 8636
2 8637 8644
2 8645 8646
2 8657 8665
2 8666 8667
2 8677 8682
2 8683 8688
2 8689 8690
2 8700 8712
2 8722 8735
2 8736 8737
2 8746 8756
2 8764 8765
2 8776 8779
2 8785 8793
2 8796 8802
2 8803 8804
2 8805 8808
2 8812 8945
2 8961 9006
2 10198 10226
2 10259 10405
2 10474 10537
2 10546 10552
2 11765 11828
2 11830 11920
2 11938 11940
2 11943 11962
3 714 746
3 1729 1746
3 4024 4039
3 4059 4065
3 4700 4741
3 7547 7713
3 7714 7721
3 7864 7984
3 7990 7991
3 7994 7995
3 8876 8898
3 8918 8919
3 11870 11871
3 11876 11877
3 11880 11907
3 11938 11939
3 11941 11971
4 589 800
4 1547 1548
4 1549 1900
4 1914 1999
4 2214 2256
4 2384 2439
4 3964 4176
4 4673 4868
4 5197 5342
4 7508 8027
4 8039 8077
4 8078 8112
4 8782 8996
4 10303 10477
4 10488 10552
4 11821 11999
5 790 791
5 809 1088
5 1098 1099
5 1100 1111
5 1127 1128
5 1129 1150
5 1157 1158
5 1159 1160
5 1161 1174
5 1175 1178
5 1181 1182
5 1265 1271
5 1274 1275
5 1280 1281
5 1282 1288
5 1296 1297
5 1298 1303
5 1306 1307
5 1312 1316
5 1317 1320
5 1327 1329
5 1330 1335
5 1338 1339
5 1343 1348
5 1355 1361
5 1363 1364
5 1370 1371
5 1372 1377
5 1382 1383
5 1386 1392
5 1399 1405
5 1406 1407
5 1413 1414
5 1415 1421
5 1429 1435
5 1441 1447
5 1454 1460
5 1466 1472
5 1479 1485
5 1486 1487
5 1492 1498
5 1504 1510
5 1516 1523
5 1530 1536
5 1542 1548
5 1554 1560
5 1566 1571
5 1572 1573
5 1575 1576
5 1579 1585
5 1591 1634
5 1823 1828
5 1829 1830
5 1844 1850
5 1851 1852
5 4748 5133
5 5138 5236
5 5599 5784
5 5810 5899
5 5900 5902
5 5940 5952
5 5998 6046
5 6047 6049
5 6101 6277
5 6813 6821
5 6832 6979
5 7660 7850
6 10240 10241
6 10247 10419
6 10457 10652
6 10678 10744
6 10779 10811
6 10873 10919
6 10961 10969
6 10979 11015
6 11028 11037
6 11048 11049
6 12842 12900
7 8281 8295
7 8384 8387
7 8388 8395
7 8471 8485
7 8489 8491
7 8552 8553
7 8554 8555
7 8556 8557
7 8558 8562
7 8564 8565
7 8910 8911
7 9525 9529
7 9530 9547
7 9548 9549
7 9592 9617
7 9629 9911
7 9920 9983
7 9991 10046
7 10073 10094
7 10192 10213
7 10218 10231
7 10232 10246
7 10250 10304
7 10324 10516
7 10889 11242
7 11308 11380
7 11424 11452
7 12626 12884
8 10556 10755
8 10762 10763
8 10766 10767
8 10770 10771
8 10774 10775
8 10778 10779
8 12866 12900
9 9730 9731
9 9732 10107
9 10119 10159
9 10172 10235
9 10244 10280
9 10283 10316
9 10333 10361
9 10545 10554
9 10556 10557
9 10569 10573
9 10597 10683
9 10986 11242
9 11268 11344
9 12727 12900
10 605 608
10 609 779
10 1636 1804
10 4137 4199
10 4221 4337
10 4632 4744
10 7555 7727
10 8027 8688
10 8701 8733
10 8741 8777
10 8801 8858
10 8878 8887
10 8892 8897
10 8903 8921
10 8927 8966
10 9098 9121
10 9222 9253
10 9314 9325
10 9339 9369
10 9391 9403
10 9445 9455
10 9471 9541
10 9559 9683
10 9697 9728
10 9765 9795
10 9895 9927
10 11223 11395
10 11396 11412
10 11418 12083
10 12172 12181
10 12183 12184
10 12185 12186
10 12218 12237
10 12238 12260
10 12261 12262
10 12263 12265
10 12267 12269
10 12285 12290
10 12291 12292
10 12386 12387
10 12390 12392
10 12397 12408
10 12445 12789
11 235 502
11 504 505
11 507 543
11 551 553
11 1258 1524
11 3540 3931
11 4308 4309
11 4311 4312
11 4316 4322
11 4517 4564
11 4673 4959
11 4985 5024
11 5048 5049
11 7098 7419
11 8074 8236
11 8253 8257
11 8258 8264
11 8265 8266
11 8275 8357
11 8992 9171
11 9685 9740
11 9817 9819
11 9820 9955
11 9972 9973
11 9976 10145
11 10589 10808
11 11478 11479
11 11486 11787
11 11788 11811
11 11970 12088
11 12193 12212
11 12213 12216
11 12217 12234
11 12235 12236
11 12241 12242
11 12243 12257
11 12350 12351
11 12352 12363
11 12420 12500
11 12539 12570
11 12811 12889
12 446 659
12 1406 1553
12 1607 1661
12 3684 3685
12 3686 3962
12 4105 4219
12 4363 4405
12 4539 4581
12 4582 4604
12 4605 4614
12 4617 4676
12 4677 4682
12 4683 4690
12 4726 4793
12 7262 7528
12 7535 7579
12 7583 7632
12 7711 7720
12 8005 8579
12 8602 9655
12 10155 10178
12 10570 10584
12 10593 10616
12 11491 11947
12 11953 11983
12 11984 12057
12 12123 12160
12 12180 12227
12 12340 12379
12 12399 12599
14 346 556
14 1350 1529
14 3650 4113
14 4667 4937
14 7214 7454
14 9022 9160
14 9250 9254
14 9255 9262
14 9263 9269
14 9279 9280
14 9971 10160
14 10624 10734
14 10738 10748
14 11603 11815
14 12419 12430
14 12432 12564
15 36 353
15 1175 1346
15 3380 3650
15 4974 5234
15 6956 7199
15 7201 7202
15 9173 9307
15 9723 9922
15 10792 11018
15 11078 11129
15 11426 11619
16 620 778
16 780 788
16 789 790
16 1566 1633
16 1671 2049
16 2248 2358
16 2365 2374
16 2412 2455
16 2458 2512
16 3963 4219
16 4680 4892
16 5204 5394
16 5396 5403
16 5410 5415
16 5418 5420
16 5425 5429
16 5433 5434
16 5441 5446
16 5454 5459
16 5465 5470
16 5471 5472
16 5476 5483
16 5501 5502
16 5503 5507
16 5511 5512
16 5513 5518
16 5519 5520
16 5523 5529
16 5536 5539
16 5548 5551
16 5553 5554
16 5561 5562
16 5565 5566
16 5569 5577
16 5590 5596
16 5606 5608
16 5610 5613
16 5620 5621
16 5636 5639
16 5641 5644
16 5650 5651
16 5659 5666
16 5669 5670
16 5680 5681
16 5683 5684
16 5685 5686
16 5688 5689
16 7513 8074
16 8121 8128
16 8129 8137
16 8141 8153
16 8158 8170
16 8174 8192
16 8194 8195
16 8196 8197
16 8199 8200
16 8201 8209
16 8215 8225
16 8230 8231
16 8232 8236
16 8246 8256
16 8274 8277
16 8278 8279
16 8280 8290
16 8294 8295
16 8386 8388
16 8389 8392
16 8403 8409
16 8421 8427
16 8443 8449
16 8458 8464
16 8481 8484
16 8485 8486
16 8487 8488
16 8489 8490
16 8496 8502
16 8511 8517
16 8520 8521
16 8523 8524
16 8525 8530
16 8539 8545
16 8558 8560
16 8561 8565
16 8575 8578
16 8579 8583
16 8592 8594
16 8595 8599
16 8609 8610
16 8611 8617
16 8627 8633
16 8639 8640
16 8644 8648
16 8649 8651
16 8661 8663
16 8664 8669
16 8675 8678
16 8679 8680
16 8682 8683
16 8684 8686
16 8693 8694
16 8695 8696
16 8697 8702
16 8709 8717
16 8726 8728
16 8729 8735
16 8742 8744
16 8745 8751
16 8753 8754
16 8760 8767
16 8775 8776
16 8779 8781
16 8783 8784
16 8789 8801
16 8806 8807
16 8810 8811
16 8814 8816
16 8818 8819
16 8821 8977
16 10261 10563
16 11826 11991
17 567 834
17 1520 1794
17 1800 1859
17 1942 2004
17 3959 4192
17 4330 4428
17 4509 4570
17 4575 4598
17 4601 4787
17 5186 5312
17 7507 7785
17 7799 8161
17 8192 8239
17 8810 9034
17 10158 10387
17 10495 10564
17 10566 10567
17 11762 11791
17 11792 12035
17 12042 12043
17 12468 12481
18 749 859
18 1816 2038
18 2041 2046
18 2059 2060
18 2061 2065
18 2067 2068
18 2077 2082
18 2113 2119
18 2132 2138
18 2146 2147
18 2153 2154
18 2157 2162
18 2163 2164
18 2173 2176
18 2177 2180
18 2193 2195
18 2197 2199
18 2201 2203
18 2205 2206
18 2215 2222
18 2223 2224
18 2225 2228
18 2229 2231
18 2235 2236
18 2250 2253
18 2255 2256
18 2267 2273
18 2282 2286
18 2287 2290
18 2303 2306
18 2307 2310
18 2311 2312
18 2321 2322
18 2323 2328
18 2338 2339
18 2341 2342
18 2343 2346
18 2348 2350
18 2360 2361
18 2362 2369
18 2376 2378
18 2379 2380
18 2381 2382
18 2383 2386
18 2387 2388
18 2395 2396
18 2397 2398
18 2399 2400
18 2401 2402
18 2403 2404
18 2409 2410
18 2413 2416
18 2417 2418
18 2419 2421
18 2435 2438
18 2443 2452
18 2454 2455
18 2456 2467
18 2474 2486
18 2493 2494
18 2495 2507
18 2515 2520
18 2521 2529
18 2539 2545
18 2699 2706
18 2717 2725
18 2728 2729
18 2736 2745
18 2758 2759
18 2760 2767
18 2774 2775
18 2791 2799
18 2814 2815
18 3995 4166
18 4483 4486
18 4504 4505
18 4588 4590
18 4592 4596
18 4688 4733
18 4737 4842
18 4952 5097
18 5107 5108
18 5109 5116
18 5124 5125
18 5129 5131
18 5142 5287
18 5290 5291
18 5724 5745
18 5754 5756
18 5757 5761
18 5762 5776
18 5779 5780
18 5781 5782
18 5789 5795
18 5796 5809
18 5811 5812
18 5820 5821
18 5824 5841
18 5847 5848
18 5860 5867
18 5868 5874
18 5875 5876
18 5879 5881
18 5898 5912
18 5921 5922
18 5937 5938
18 5947 5948
18 6237 6240
18 6245 6248
18 6251 6326
18 6328 6329
18 6331 6333
18 6335 6336
18 7537 7709
18 7759 7954
18 7957 7958
18 7961 7962
18 8848 9016
