0 0 60
0 120 180
0 240 300
0 390 450
0 480 690
0 720 810
0 870 900
0 990 1020
0 1560 1590
0 1770 1980
0 2070 2100
0 2790 2880
0 2910 3270
0 3300 3360
0 3390 3720
0 3960 4080
0 4710 4830
0 5160 5250
0 5700 5760
0 5940 5970
0 6090 6690
0 6720 6870
0 6900 7170
0 7200 7350
0 7380 7440
0 7500 7560
0 7650 7740
0 7770 7950
0 8340 8370
0 8790 8910
0 8940 8970
0 9150 9180
0 9330 9360
0 9720 9840
0 9900 9930
0 9960 10170
0 10230 10890
0 10920 11160
0 11190 11340
0 11370 11400
0 11430 11610
0 11640 11670
0 11700 11730
0 11820 12030
0 12060 12090
0 12120 12150
0 12210 12330
0 12390 12900
1 0 120
1 240 270
1 300 390
1 420 570
1 600 720
1 750 780
1 810 1110
1 1140 1170
1 1260 1350
1 1620 1650
1 1890 1920
1 1950 1980
1 2010 2040
1 2220 2280
1 2340 2370
1 2520 2670
1 2700 2850
1 2880 3900
1 3930 3960
1 3990 4200
1 4230 4380
1 4440 4530
1 4560 4680
1 4710 4770
1 4800 4920
1 4950 5250
1 5640 5700
1 5820 5850
1 6060 6090
1 6120 6420
1 6750 6780
1 6840 6870
1 7020 7080
1 7560 7590
1 7650 7680
1 7710 7920
1 8670 8820
1 8850 9300
1 9330 9450
1 9480 9840
1 9870 10140
1 10200 10710
1 10740 11400
1 11430 11580
1 11610 11670
1 11700 12120
1 12180 12450
1 12480 12900
2 0 60
2 210 270
2 300 420
2 480 570
2 630 660
2 690 900
2 930 1050
2 1590 1650
2 1710 1740
2 1770 1920
2 1950 1980
2 2070 2100
2 2130 2160
2 2190 2220
2 2460 2490
2 2520 2580
2 2640 2670
2 2730 2790
2 2910 3000
2 3150 3270
2 3390 3450
2 3540 3570
2 3630 3690
2 3720 3780
2 3870 3900
2 3930 4140
2 4170 4350
2 4470 4500
2 4740 4770
2 4800 4950
2 4980 5010
2 5040 5070
2 5100 5250
2 5610 5670
2 5790 5820
2 6120 6240
2 6330 6420
2 6690 6750
2 6810 6870
2 6900 6960
2 7020 7140
2 7200 7230
2 7530 7590
2 7710 7920
2 7980 8010
2 8070 8100
2 8130 8160
2 8520 8550
2 8820 9030
2 9060 9120
2 9210 9240
2 9420 9450
2 10110 10200
2 10290 10410
2 10470 10590
2 10620 10650
2 10680 10710
2 10740 10800
2 10950 10980
2 11370 11400
2 11430 11460
2 11520 11550
2 11640 11670
2 11730 11760
2 11820 11940
2 11970 12000
2 12060 12090
2 12180 12210
2 12270 12330
2 12510 12540
2 12570 12600
2 12660 12690
2 12720 12780
2 12870 12900
3 0 30
3 60 120
3 240 270
3 300 390
3 420 540
3 570 660
3 690 750
3 840 870
3 1590 1620
3 1710 1770
3 1980 2010
3 2160 2190
3 2250 2280
3 2640 2910
3 2940 3090
3 3120 3180
3 3240 3690
3 3750 3780
3 3810 3840
3 3990 4080
3 4260 4320
3 4380 4410
3 4680 4770
3 5010 5040
3 5160 5190
3 5610 5640
3 5670 5700
3 5730 5850
3 5880 6210
3 6240 6780
3 6810 6840
3 6870 6960
3 6990 7020
3 7050 7170
3 7200 7350
3 7380 7470
3 7500 7650
3 7860 8010
3 8460 8490
3 8880 8970
3 9330 9360
3 9780 9810
3 9840 9900
3 9960 9990
3 10020 10170
3 10230 10410
3 10440 10470
3 10500 10650
3 10680 10710
3 10740 10890
3 10920 11190
3 11250 11370
3 11430 11460
3 11490 11520
3 11550 11580
3 11640 12030
3 12090 12120
3 12180 12210
3 12240 12270
3 12300 12330
3 12390 12420
3 12450 12480
3 12510 12540
3 12600 12660
3 12690 12900
4 0 60
4 120 180
4 240 360
4 390 420
4 450 540
4 570 600
4 630 660
4 690 840
4 1590 1620
4 1680 2010
4 2220 2250
4 2280 2310
4 2430 2460
4 2670 2700
4 2940 3000
4 3180 3270
4 3540 3570
4 3660 3690
4 3750 3780
4 3990 4110
4 4140 4170
4 4380 4410
4 4680 4800
4 4860 4890
4 5190 5250
4 5280 5310
4 5340 5400
4 5880 5910
4 6120 6210
4 6240 6390
4 6420 6540
4 6570 7170
4 7230 7260
4 7410 7440
4 7470 7590
4 7650 7710
4 7800 7980
4 8010 8040
4 8280 8310
4 8790 9000
4 9060 9090
4 9660 9690
4 9930 9960
4 9990 10020
4 10050 10080
4 10110 10140
4 10170 10200
4 10230 10260
4 10290 10590
4 10680 10710
4 10740 10770
4 11190 11220
4 11490 11550
4 11610 11640
4 11670 11700
4 11730 11820
4 11850 12000
4 12090 12120
4 12450 12480
4 12660 12690
4 12840 12900
5 0 30
5 60 90
5 150 180
5 210 300
5 330 390
5 420 540
5 570 720
5 750 1140
5 1230 1320
5 1350 1410
5 1620 1650
5 1830 1860
5 1950 2040
5 2520 2700
5 2730 2790
5 2820 3300
5 3330 3450
5 3480 3960
5 3990 4050
5 4080 4320
5 4380 4410
5 4440 4620
5 4650 4680
5 4710 4770
5 4830 4860
5 4920 5190
5 5610 5700
5 5730 5760
5 5820 5850
5 6090 6360
5 6390 6450
5 6810 6870
5 7230 7260
5 7680 7860
5 7890 7920
5 8700 9900
5 9930 10080
5 10110 10170
5 10200 10830
5 10860 11400
5 11430 12180
5 12210 12900
6 0 360
6 390 450
6 480 600
6 630 690
6 720 960
6 990 1170
6 1200 1320
6 1350 1740
6 1770 1920
6 1950 2190
6 2220 2400
6 2430 2640
6 2670 2910
6 2970 3180
6 3210 3600
6 3660 3870
6 3930 4050
6 4080 4110
6 4140 4200
6 4230 4290
6 4320 4410
6 4440 4620
6 4650 5310
6 5340 5430
6 5460 5610
6 5640 6030
6 6060 6090
6 6120 6390
6 6450 6480
6 6510 6720
6 6750 6840
6 6870 7050
6 7080 7410
6 7440 7560
6 7590 7920
6 7950 8280
6 8310 8610
6 8670 8790
6 8820 8850
6 8880 9180
6 9210 9300
6 9330 9420
6 9450 9540
6 9570 9930
6 9990 10020
6 10200 10260
6 10320 10350
6 10380 10410
6 10470 10620
6 10680 10830
6 10980 11010
6 11100 11130
6 11160 11190
6 11220 11250
6 11280 11310
6 11490 11520
6 11550 11580
6 11760 11820
6 11880 12090
6 12120 12210
6 12240 12330
6 12360 12420
6 12450 12480
6 12540 12600
6 12630 12900
7 0 60
7 120 150
7 180 390
7 420 630
7 660 1200
7 1230 1410
7 1440 1650
7 1680 1710
7 1740 2040
7 2070 2100
7 2130 2190
7 2220 2310
7 2340 2370
7 2400 2640
7 2670 2700
7 2730 3060
7 3090 3180
7 3240 3300
7 3330 3420
7 3450 3540
7 3570 3630
7 3660 3780
7 3840 3870
7 3900 4170
7 4230 4260
7 4290 4380
7 4410 4680
7 4710 4800
7 4830 4860
7 4890 4920
7 4950 5190
7 5220 5280
7 5310 5700
7 5730 5790
7 5820 6180
7 6210 6390
7 6420 6540
7 6600 6690
7 6720 6900
7 6930 7230
7 7260 7500
7 7530 7560
7 7590 7890
7 7920 7980
7 8040 8100
7 8130 8190
7 8220 8340
7 8370 8430
7 8460 8610
7 8670 8760
7 8880 8940
7 9000 9060
7 9090 9150
7 9180 9330
7 9360 9390
7 9510 9540
7 9570 9600
7 9630 9660
7 9690 9750
7 9810 9870
7 9930 9990
7 10020 10110
7 10140 10170
7 10230 10260
7 10290 10530
7 10920 11130
7 11190 11220
7 11280 11310
7 11490 11520
7 11880 11970
7 12210 12300
7 12480 12630
7 12660 12690
7 12720 12750
7 12780 12900
8 0 630
8 660 690
8 720 1080
8 1110 1410
8 1440 1590
8 1620 1680
8 1710 2070
8 2100 2130
8 2160 2580
8 2610 2760
8 2790 2820
8 2850 3060
8 3090 3330
8 3390 3690
8 3720 3900
8 3930 3960
8 3990 4140
8 4170 4230
8 4260 4650
8 4710 5040
8 5070 5100
8 5160 5340
8 5370 5610
8 5640 5670
8 5730 5760
8 5790 5820
8 5850 6090
8 6120 6330
8 6360 6450
8 6480 6570
8 6600 6660
8 6690 6870
8 6900 6930
8 6960 7350
8 7380 7560
8 7590 7710
8 7740 7830
8 7860 7920
8 7950 8160
8 8190 8400
8 8430 8550
8 8580 8850
8 8880 8910
8 8940 9420
8 9450 9480
8 9510 9540
8 9570 9660
8 9720 9900
8 9930 10080
8 10110 10170
8 10230 10260
8 10290 10320
8 10350 10380
8 10410 10470
8 10500 10530
8 10560 10770
8 11040 11070
8 11340 11370
8 11610 11670
8 11700 11970
8 12000 12060
8 12120 12390
8 12420 12600
8 12630 12780
8 12870 12900
9 0 630
9 660 2400
9 2430 2580
9 2610 3630
9 3660 4350
9 4380 4470
9 4500 6570
9 6600 7470
9 7500 7710
9 7740 7800
9 7830 8610
9 8640 8670
9 8700 8970
9 9000 9150
9 9180 9270
9 9300 9360
9 9390 9450
9 9480 9540
9 9570 10050
9 10110 10230
9 10320 10350
9 10380 10410
9 10770 10800
9 10830 10860
9 10890 10920
9 10980 11010
9 11100 11130
9 11160 11370
9 11790 11820
9 12180 12210
9 12240 12390
9 12420 12450
9 12480 12510
9 12540 12660
9 12690 12840
10 0 90
10 240 330
10 360 390
10 420 600
10 630 690
10 720 1080
10 1140 1170
10 1470 1590
10 1620 1860
10 1890 1920
10 2010 2040
10 2100 2130
10 2190 2220
10 2490 3150
10 3180 3360
10 3390 3420
10 3450 3690
10 3840 3990
10 4020 4050
10 4080 4110
10 4140 4200
10 4260 4350
10 4380 4530
10 4650 4890
10 4980 5100
10 5220 5280
10 5400 5430
10 5460 5670
10 5700 5940
10 5970 6780
10 6810 6870
10 6900 6930
10 6990 7080
10 7140 7200
10 7230 7290
10 7320 7740
10 8040 8070
10 8100 8130
10 8160 8460
10 8550 8580
10 8610 8640
10 8670 8700
10 9030 9060
10 9090 9120
10 9240 9300
10 9390 9420
10 9480 9600
10 9630 9720
10 9750 9780
10 9810 9840
10 9870 9930
10 9990 10020
10 10050 10080
10 10140 10200
10 10500 10530
10 10590 10650
10 10770 10890
10 11010 11040
10 11070 11190
10 11220 11250
10 11310 11340
10 11400 11430
10 11460 11520
10 11550 11580
10 11610 11790
10 11850 12060
10 12210 12270
10 12480 12570
10 12630 12690
11 240 420
11 450 480
11 510 540
11 1290 1500
11 1560 1590
11 2220 2310
11 2340 2400
11 2430 2520
11 2550 2610
11 2640 2970
11 3000 3150
11 3180 3210
11 3240 3270
11 3300 3360
11 3540 3570
11 3600 3810
11 3840 3900
11 4710 4740
11 4770 5010
11 5220 5250
11 5580 5610
11 5730 5790
11 5940 5970
11 6030 6120
11 6150 6270
11 6330 6360
11 6390 6450
11 6480 6510
11 6540 6630
11 6660 6840
11 6870 6930
11 7140 7380
11 7590 7620
11 8070 8160
11 8310 8370
11 8430 8460
11 8520 8550
11 8670 8700
11 9060 9210
11 9870 10080
11 10680 10800
11 10920 10950
11 11550 11670
11 12120 12150
11 12480 12570
11 12780 12810
12 0 60
12 240 270
12 300 330
12 360 390
12 420 450
12 510 780
12 870 930
12 1410 1710
12 1770 1830
12 1920 1950
12 2460 2910
12 3000 3060
12 3090 3330
12 3360 3480
12 3510 3570
12 3630 3720
12 3780 3810
12 3840 3960
12 4020 4170
12 4200 4230
12 4320 4440
12 4470 4560
12 4620 4830
12 4920 4950
12 4980 5010
12 5070 5130
12 5460 5490
12 5550 5580
12 5670 5940
12 5970 6150
12 6210 6300
12 6330 6420
12 6450 6630
12 6690 6720
12 6750 6810
12 6840 6870
12 6900 7110
12 7140 7170
12 7200 7320
12 7380 7530
12 7560 7710
12 8040 8070
12 8100 8160
12 8190 8280
12 8310 8340
12 8400 8460
12 8490 8550
12 8580 8670
12 8700 8820
12 8880 8940
12 8970 9030
12 9090 9180
12 9210 9390
12 9480 9630
12 9840 9870
12 9960 9990
12 10110 10170
12 10440 10470
12 10560 10650
12 10740 10770
12 11250 11280
12 11430 11460
12 11490 11670
12 11700 11820
12 11910 12030
12 12120 12150
12 12180 12210
12 12240 12270
12 12330 12360
12 12450 12630
12 12750 12780
12 12840 12900
13 0 210
13 270 330
13 360 450
13 480 840
13 900 1020
13 1050 1140
13 1170 1410
13 1470 1710
13 1740 2010
13 2070 2340
13 2370 2550
13 2610 2640
13 2700 2790
13 2820 2970
13 3000 3120
13 3180 3210
13 3240 3420
13 3450 3600
13 3630 3690
13 3720 3780
13 3810 3960
13 3990 4080
13 4110 4200
13 4230 4470
13 4500 4650
13 4680 4800
13 4830 5070
13 5100 5400
13 5430 5460
13 5490 5580
13 5610 5700
13 5730 6090
13 6120 6180
13 6210 6360
13 6390 6570
13 6600 6630
13 6690 6720
13 6750 7080
13 7110 7140
13 7170 7440
13 7500 7590
13 7620 8070
13 8100 8160
13 8190 8460
13 8490 8550
13 8580 8610
13 8640 8700
13 8730 9060
13 9090 9120
13 9180 9540
13 9570 9630
13 9660 9720
13 9750 9810
13 9840 9900
13 9930 10050
13 10080 10170
13 10200 10290
13 10320 10770
13 10800 10890
13 10950 10980
13 11010 11070
13 11160 11370
13 11400 11550
13 11580 11610
13 11640 11700
13 11730 11790
13 11820 11850
13 11880 12030
13 12060 12270
13 12300 12420
13 12450 12540
13 12570 12900
14 0 30
14 300 330
14 420 570
14 600 630
14 1440 1560
14 1590 1650
14 2400 2550
14 2580 2910
14 2940 3090
14 3120 3390
14 3510 3540
14 3570 3660
14 3690 3720
14 3750 3780
14 3810 3930
14 4020 4110
14 4230 4260
14 4680 4800
14 4830 4860
14 5040 5070
14 5280 5310
14 5640 5970
14 6000 6570
14 6630 6690
14 6720 6810
14 6840 6960
14 6990 7110
14 7260 7290
14 7320 7470
14 7620 7680
14 7740 7770
14 8340 8490
14 8520 8640
14 8670 8700
14 8730 8760
14 8790 8850
14 8910 8940
14 8970 9000
14 9030 9150
14 9180 9210
14 9240 9270
14 10080 10170
14 10260 10290
14 10620 10740
14 10980 11010
14 11640 11670
14 11730 11850
14 12450 12540
14 12780 12810
15 0 30
15 120 150
15 210 300
15 360 390
15 1260 1410
15 2220 2610
15 2670 3210
15 3240 3270
15 3540 3690
15 3930 3960
15 4470 4500
15 4530 4620
15 4740 4800
15 4830 4860
15 4890 5190
15 5280 5310
15 5490 5520
15 5910 5940
15 6060 6090
15 6120 6180
15 6210 6390
15 6480 6600
15 6630 6720
15 6750 6900
15 6930 6990
15 7020 7260
15 8010 8040
15 8070 8100
15 8130 8340
15 8370 8400
15 8490 8640
15 8670 8880
15 8910 8970
15 9000 9060
15 9120 9150
15 9180 9330
15 9810 9930
15 9990 10020
15 10170 10200
15 10800 10920
15 10950 10980
15 11520 11610
15 11730 11760
15 11790 11820
15 12240 12270
15 12510 12540
15 12570 12690
15 12810 12900
16 0 30
16 60 180
16 210 300
16 360 450
16 510 630
16 660 840
16 1560 1590
16 1710 1980
16 2190 2220
16 2460 2490
16 2670 2760
16 2910 2970
16 3090 3150
16 3180 3300
16 3330 3390
16 3480 3510
16 3720 3780
16 3810 3840
16 3930 3960
16 3990 4170
16 4200 4230
16 4410 4440
16 4680 4770
16 4890 4920
16 5190 5310
16 5490 5520
16 5700 5730
16 6090 6150
16 6180 6270
16 6360 6510
16 6540 6600
16 6630 6810
16 6840 6900
16 6960 7020
16 7110 7140
16 7230 7320
16 7350 7410
16 7530 7740
16 7860 7980
16 8160 8190
16 8820 8970
16 9240 9270
16 9780 9810
16 9870 9900
16 9960 10020
16 10110 10170
16 10200 10590
16 11100 11130
16 11250 11310
16 11430 11550
16 11670 11700
16 11730 11820
16 11850 12030
16 12780 12810
16 12840 12900
17 0 60
17 90 120
17 180 240
17 330 390
17 420 510
17 540 870
17 1530 1620
17 1680 1860
17 1890 1920
17 2190 2220
17 2460 2490
17 2640 2670
17 2730 2760
17 2850 2880
17 3090 3150
17 3180 3210
17 3240 3390
17 3420 3450
17 3480 3570
17 3630 3660
17 3690 3870
17 3990 4080
17 4110 4290
17 4320 4410
17 4470 4530
17 4560 4590
17 4650 4890
17 4920 5010
17 5040 5070
17 5220 5250
17 5430 5490
17 5610 5700
17 5820 5880
17 6120 6210
17 6240 6300
17 6360 6510
17 6600 6630
17 6660 6750
17 6810 6840
17 6870 6990
17 7020 7170
17 7230 7260
17 7290 7380
17 7560 7710
17 7830 7980
17 8010 8100
17 8160 8220
17 8820 9030
17 9090 9120
17 9480 9510
17 9750 9780
17 9840 9870
17 10200 10230
17 10260 10380
17 10410 10470
17 10500 10590
17 10620 10650
17 11130 11160
17 11520 11550
17 11760 12000
17 12540 12570
17 12870 12900
18 0 30
18 120 210
18 300 360
18 450 540
18 660 690
18 750 900
18 930 960
18 1320 1350
18 1680 1710
18 1740 1770
18 1830 1950
18 1980 2010
18 2130 2160
18 2190 2220
18 2520 2550
18 2580 2610
18 2730 2760
18 2880 2940
18 3090 3210
18 3300 3360
18 3450 3540
18 3690 3810
18 3870 3900
18 3930 3960
18 3990 4170
18 4200 4380
18 4740 4830
18 4980 5010
18 5130 5280
18 5310 5340
18 5880 5910
18 6060 6090
18 6120 6210
18 6300 6360
18 6450 6540
18 6660 6810
18 6870 6960
18 6990 7020
18 7050 7140
18 7290 7380
18 7500 7530
18 7560 7590
18 7620 7680
18 7770 7890
18 7920 7950
18 7980 8010
18 8730 8820
18 8910 8970
18 9060 9090
18 9120 9180
18 9450 9510
18 9690 9810
18 9870 9960
18 10080 10110
18 10260 10320
18 10350 10560
18 10650 10740
18 10890 11040
18 11100 11160
18 11280 11310
18 11490 11580
18 11700 11790
18 11880 11940
18 12090 12240
18 12300 12390
18 12450 12540
18 12690 12810
18 12870 12900
