0 0 50
0 100 150
0 200 250
0 300 350
0 400 450
0 500 550
0 600 650
0 700 750
0 800 850
0 900 950
0 1000 1050
0 1100 1150
0 1200 1250
0 1300 1350
0 1400 1450
0 1500 1550
0 1600 1650
0 1700 1750
0 1800 1850
0 1900 1950
0 2000 2050
0 2100 2150
0 2200 2250
0 2300 2350
0 2400 2450
0 2500 2550
0 2600 2650
0 2700 2750
0 2800 2850
0 2900 2950
0 3000 3050
0 3100 3150
0 3200 3250
0 3300 3350
0 3400 3450
0 3500 3550
0 3600 3650
0 3700 3750
0 3800 3850
0 3900 3950
0 4000 4050
0 4100 4150
0 4200 4250
0 4300 4350
0 4400 4450
0 4500 4550
0 4600 4650
0 4700 4750
0 4800 4850
0 4900 4950
0 5000 5050
0 5100 5150
0 5200 5250
0 5300 5350
0 5400 5450
0 5500 5550
0 5600 5650
0 5800 5850
0 5900 5950
0 6000 6050
0 6100 6150
0 6200 6250
0 6300 6350
0 6400 6450
0 6500 6550
0 6600 6650
0 6700 6750
0 6800 6850
0 6900 6950
0 7000 7050
0 7100 7150
0 7300 7350
0 7400 7450
0 7500 7550
0 7600 7650
0 7700 7750
0 7800 7850
0 7900 7950
0 8000 8050
0 8100 8150
0 8200 8250
0 8300 8350
0 8400 8450
0 8500 8550
0 8600 8650
0 8700 8750
0 8800 8850
0 8900 8950
0 9000 9050
0 9100 9150
0 9200 9250
0 9300 9350
0 9400 9450
0 9500 9550
0 9600 9650
0 9700 9750
0 9800 9850
0 9900 9950
0 10000 10050
0 10100 10150
0 10200 10250
0 10300 10350
0 10400 10450
0 10500 10550
0 10700 10750
0 10800 10850
0 10900 10950
0 11000 11050
0 11100 11150
0 11300 11350
0 11400 11450
0 11500 11550
0 11600 11650
0 11700 11750
0 11800 11850
0 11900 11950
0 12000 12050
0 12100 12150
0 12200 12250
0 12300 12350
0 12400 12450
0 12500 12550
0 12600 12650
0 12700 12750
0 12800 12850
1 0 50
1 800 850
1 900 950
1 1000 1050
1 4800 4850
1 4900 4950
1 5000 5050
1 5100 5150
1 5200 5250
1 5600 5650
1 5700 5750
1 5800 5850
1 5900 5950
1 6000 6050
1 6100 6150
1 6200 6250
1 6300 6350
1 6700 6750
1 6800 6850
1 6900 6950
1 7700 7750
1 7800 7850
2 0 50
2 100 150
2 200 250
2 300 350
2 400 450
2 500 550
2 600 650
2 700 750
2 800 850
2 900 950
2 1000 1050
2 1100 1150
2 1200 1250
2 1300 1350
2 1400 1450
2 1500 1550
2 1600 1650
2 1700 1750
2 1800 1850
2 1900 1950
2 2000 2050
2 2100 2150
2 2200 2250
2 2300 2350
2 2400 2450
2 2500 2550
2 2600 2650
2 2700 2750
2 2800 2850
2 2900 2950
2 3000 3050
2 3100 3150
2 3200 3250
2 3300 3350
2 3400 3450
2 3500 3550
2 3600 3650
2 3700 3750
2 3800 3850
2 3900 3950
2 4000 4050
2 4100 4150
2 4200 4250
2 4300 4350
2 4400 4450
2 4500 4550
2 4600 4650
2 4700 4750
2 4800 4850
2 4900 4950
2 5000 5050
2 5100 5150
2 5200 5250
2 5300 5350
2 5400 5450
2 5500 5550
2 5600 5650
2 5700 5750
2 5800 5850
2 5900 5950
2 6000 6050
2 6100 6150
2 6200 6250
2 6300 6350
2 6400 6450
2 6500 6550
2 6600 6650
2 6700 6750
2 6800 6850
2 6900 6950
2 7000 7050
2 7100 7150
2 7200 7250
2 7300 7350
2 7400 7450
2 7500 7550
2 7600 7650
2 7700 7750
2 7800 7850
2 7900 7950
2 8000 8050
2 8100 8150
2 8200 8250
2 8300 8350
2 8400 8450
2 8500 8550
2 8600 8650
2 8700 8750
2 8800 8850
2 8900 8950
2 9000 9050
2 9100 9150
2 9200 9250
2 9300 9350
2 9400 9450
2 9500 9550
2 9600 9650
2 9700 9750
2 9800 9850
2 9900 9950
2 10000 10050
2 10100 10150
2 10200 10250
2 10300 10350
2 10400 10450
2 10500 10550
2 10600 10650
2 10700 10750
2 10800 10850
2 10900 10950
2 11000 11050
2 11100 11150
2 11200 11250
2 11300 11350
2 11400 11450
2 11500 11550
2 11600 11650
2 11700 11750
2 11800 11850
2 11900 11950
2 12000 12050
2 12100 12150
2 12200 12250
2 12300 12350
2 12400 12450
2 12500 12550
2 12600 12650
2 12700 12750
2 12800 12850
3 0 50
3 4699 4749
3 7899 7949
3 12899 12900
4 0 50
4 600 650
4 700 750
4 1700 1750
4 1800 1850
4 1900 1950
4 2000 2050
4 2200 2250
4 2300 2350
4 2400 2450
4 2600 2650
4 4000 4050
4 4100 4150
4 4700 4750
4 4800 4850
4 5200 5250
4 5300 5350
4 7500 7550
4 7600 7650
4 7700 7750
4 7800 7850
4 7900 7950
4 8000 8050
4 8100 8150
4 8800 8850
4 8900 8950
4 10300 10350
4 10400 10450
4 10500 10550
4 11900 11950
5 0 50
5 800 850
5 900 950
5 1000 1050
5 1500 1550
5 1600 1650
5 4800 4850
5 4900 4950
5 5000 5050
5 5100 5150
5 5200 5250
5 5600 5650
5 5700 5750
5 5800 5850
5 5900 5950
5 6000 6050
5 6100 6150
5 6200 6250
5 6300 6350
5 6700 6750
5 6800 6850
5 6900 6950
5 7700 7750
5 7800 7850
5 8000 8050
6 0 50
7 0 50
7 9900 9950
7 10000 10050
7 10100 10150
7 10200 10250
7 10300 10350
7 10400 10450
7 10900 10950
7 11000 11050
7 11100 11150
7 11200 11250
7 12800 12850
8 0 50
8 10600 10650
9 0 50
9 9800 9850
9 9900 9950
9 10000 10050
9 10100 10150
9 10200 10250
9 10300 10350
9 11000 11050
9 11100 11150
9 11200 11250
9 11300 11350
9 12800 12850
10 0 50
10 8200 8250
10 8300 8350
10 8400 8450
10 8500 8550
10 8600 8650
10 8700 8750
10 9000 9050
10 9500 9550
10 11500 11550
10 11600 11650
10 11700 11750
10 11800 11850
10 11900 11950
10 12000 12050
10 12500 12550
10 12600 12650
11 0 50
11 300 350
11 400 450
11 500 550
11 600 650
11 800 850
11 1000 1050
11 1100 1150
11 1200 1250
11 1300 1350
11 1400 1450
11 1500 1550
11 1600 1650
11 1800 1850
11 2000 2050
11 2300 2350
11 2500 2550
11 2600 2650
11 2800 2850
11 2900 2950
11 3000 3050
11 3100 3150
11 3200 3250
11 3300 3350
11 3400 3450
11 3500 3550
11 3600 3650
11 3700 3750
11 3800 3850
11 3900 3950
11 4000 4050
11 4100 4150
11 4200 4250
11 4400 4450
11 4600 4650
11 4700 4750
11 4800 4850
11 4900 4950
11 5000 5050
11 5300 5350
11 5500 5550
11 5700 5750
11 6000 6050
11 6200 6250
11 6300 6350
11 6400 6450
11 6500 6550
11 6600 6650
11 6700 6750
11 6800 6850
11 6900 6950
11 7000 7050
11 7100 7150
11 7200 7250
11 7300 7350
11 7400 7450
11 7500 7550
11 7900 7950
11 8100 8150
11 8200 8250
11 8300 8350
11 8500 8550
11 8600 8650
11 8700 8750
11 8800 8850
11 8900 8950
11 9000 9050
11 9100 9150
11 9200 9250
11 9500 9550
11 9600 9650
11 9800 9850
11 9900 9950
11 10000 10050
11 10100 10150
11 10200 10250
11 10300 10350
11 10500 10550
11 10600 10650
11 10700 10750
11 10800 10850
11 11000 11050
11 11100 11150
11 11200 11250
11 11300 11350
11 11500 11550
11 11600 11650
11 11700 11750
11 11800 11850
11 11900 11950
11 12000 12050
11 12100 12150
11 12200 12250
11 12300 12350
11 12400 12450
11 12500 12550
11 12600 12650
11 12800 12850
12 0 50
12 100 150
12 200 250
12 300 350
12 400 450
12 500 550
12 600 650
12 700 750
12 800 850
12 900 950
12 1000 1050
12 1100 1150
12 1200 1250
12 1300 1350
12 1400 1450
12 1500 1550
12 1600 1650
12 1700 1750
12 1800 1850
12 1900 1950
12 2000 2050
12 2100 2150
12 2200 2250
12 2300 2350
12 2400 2450
12 2500 2550
12 2600 2650
12 2700 2750
12 2800 2850
12 2900 2950
12 3000 3050
12 3100 3150
12 3200 3250
12 3300 3350
12 3400 3450
12 3500 3550
12 3600 3650
12 3700 3750
12 3800 3850
12 3900 3950
12 4000 4050
12 4100 4150
12 4200 4250
12 4300 4350
12 4400 4450
12 4500 4550
12 4600 4650
12 4700 4750
12 4800 4850
12 4900 4950
12 5000 5050
12 5100 5150
12 5200 5250
12 5300 5350
12 5400 5450
12 5500 5550
12 5600 5650
12 5700 5750
12 5800 5850
12 5900 5950
12 6000 6050
12 6100 6150
12 6200 6250
12 6300 6350
12 6400 6450
12 6500 6550
12 6600 6650
12 6700 6750
12 6800 6850
12 6900 6950
12 7000 7050
12 7100 7150
12 7200 7250
12 7300 7350
12 7400 7450
12 7500 7550
12 7600 7650
12 7700 7750
12 7800 7850
12 7900 7950
12 8000 8050
12 8100 8150
12 8200 8250
12 8300 8350
12 8400 8450
12 8500 8550
12 8600 8650
12 8700 8750
12 8800 8850
12 8900 8950
12 9000 9050
12 9100 9150
12 9200 9250
12 9300 9350
12 9400 9450
12 9500 9550
12 9600 9650
12 9700 9750
12 9800 9850
12 9900 9950
12 10000 10050
12 10100 10150
12 10200 10250
12 10300 10350
12 10400 10450
12 10500 10550
12 10600 10650
12 10700 10750
12 10800 10850
12 10900 10950
12 11000 11050
12 11100 11150
12 11200 11250
12 11300 11350
12 11400 11450
12 11500 11550
12 11600 11650
12 11700 11750
12 11800 11850
12 11900 11950
12 12000 12050
12 12100 12150
12 12200 12250
12 12300 12350
12 12400 12450
12 12500 12550
12 12600 12650
12 12700 12750
12 12800 12850
13 0 50
13 100 150
13 200 250
13 300 350
13 400 450
13 500 550
13 600 650
13 700 750
13 800 850
13 900 950
13 1000 1050
13 1100 1150
13 1200 1250
13 1300 1350
13 1400 1450
13 1500 1550
13 1600 1650
13 1700 1750
13 1800 1850
13 1900 1950
13 2000 2050
13 2100 2150
13 2200 2250
13 2300 2350
13 2400 2450
13 2500 2550
13 2600 2650
13 2700 2750
13 2800 2850
13 2900 2950
13 3000 3050
13 3100 3150
13 3300 3350
13 3400 3450
13 3500 3550
13 3600 3650
13 3700 3750
13 3800 3850
13 3900 3950
13 4000 4050
13 4100 4150
13 4200 4250
13 4300 4350
13 4400 4450
13 4500 4550
13 4600 4650
13 4700 4750
13 4800 4850
13 4900 4950
13 5000 5050
13 5100 5150
13 5200 5250
13 5300 5350
13 5400 5450
13 5500 5550
13 5600 5650
13 5700 5750
13 5800 5850
13 5900 5950
13 6000 6050
13 6100 6150
13 6200 6250
13 6300 6350
13 6400 6450
13 6500 6550
13 6600 6650
13 6700 6750
13 6800 6850
13 6900 6950
13 7000 7050
13 7100 7150
13 7200 7250
13 7300 7350
13 7400 7450
13 7500 7550
13 7600 7650
13 7700 7750
13 7800 7850
13 7900 7950
13 8000 8050
13 8100 8150
13 8200 8250
13 8300 8350
13 8400 8450
13 8500 8550
13 8600 8650
13 8700 8750
13 8800 8850
13 8900 8950
13 9000 9050
13 9100 9150
13 9200 9250
13 9300 9350
13 9400 9450
13 9500 9550
13 9600 9650
13 9700 9750
13 9800 9850
13 9900 9950
13 10000 10050
13 10100 10150
13 10200 10250
13 10300 10350
13 10400 10450
13 10500 10550
13 10600 10650
13 10700 10750
13 10800 10850
13 10900 10950
13 11000 11050
13 11100 11150
13 11200 11250
13 11300 11350
13 11400 11450
13 11500 11550
13 11600 11650
13 11700 11750
13 11800 11850
13 11900 11950
13 12000 12050
13 12100 12150
13 12200 12250
13 12300 12350
13 12400 12450
13 12500 12550
13 12600 12650
13 12700 12750
13 12800 12850
14 0 50
14 400 450
14 500 550
14 3800 3850
14 3900 3950
14 4000 4050
14 4700 4750
14 7300 7350
14 7400 7450
14 7600 7621
14 9021 9071
14 10121 10171
14 10621 10671
14 11721 11771
15 0 50
15 200 250
15 1200 1250
15 1300 1350
15 3500 3550
15 3600 3650
15 5000 5050
15 5100 5150
15 7000 7050
15 7100 7150
15 9200 9250
15 9800 9850
15 10800 10850
15 11500 11550
16 0 50
16 700 750
16 1700 1750
16 1800 1850
16 1900 1950
16 2000 2050
16 2300 2350
16 2400 2450
16 2600 2650
16 4000 4050
16 4100 4150
16 4700 4750
16 5200 5250
16 6700 6750
16 7500 7550
16 7600 7650
16 7700 7750
16 7800 7850
16 7900 7950
16 8000 8050
16 8300 8350
16 8800 8850
16 8900 8950
16 10300 10350
16 10400 10450
16 10500 10550
16 11900 11950
17 0 50
17 100 150
17 200 250
17 300 350
17 400 450
17 500 550
17 600 650
17 700 750
17 800 850
17 900 950
17 1000 1050
17 1100 1150
17 1200 1250
17 1300 1350
17 1400 1450
17 1500 1550
17 1600 1650
17 1700 1750
17 1800 1850
17 1900 1950
17 2000 2050
17 2100 2150
17 2200 2250
17 2300 2350
17 2400 2450
17 2500 2550
17 2600 2650
17 2700 2750
17 2800 2850
17 2900 2950
17 3000 3050
17 3100 3150
17 3200 3250
17 3300 3350
17 3400 3450
17 3500 3550
17 3600 3650
17 3700 3750
17 3800 3850
17 3900 3950
17 4000 4050
17 4100 4150
17 4200 4250
17 4300 4350
17 4400 4450
17 4500 4550
17 4600 4650
17 4700 4750
17 4800 4850
17 4900 4950
17 5000 5050
17 5100 5150
17 5200 5250
17 5300 5350
17 5400 5450
17 5500 5550
17 5600 5650
17 5700 5750
17 5800 5850
17 5900 5950
17 6000 6050
17 6100 6150
17 6200 6250
17 6300 6350
17 6400 6450
17 6500 6550
17 6600 6650
17 6700 6750
17 6800 6850
17 6900 6950
17 7000 7050
17 7100 7150
17 7200 7250
17 7300 7350
17 7400 7450
17 7500 7550
17 7600 7650
17 7700 7750
17 7800 7850
17 7900 7950
17 8000 8050
17 8100 8150
17 8200 8250
17 8300 8350
17 8400 8450
17 8500 8550
17 8600 8650
17 8700 8750
17 8800 8850
17 8900 8950
17 9000 9050
17 9100 9150
17 9200 9250
17 9300 9350
17 9400 9450
17 9500 9550
17 9600 9650
17 9700 9750
17 9800 9850
17 9900 9950
17 10000 10050
17 10100 10150
17 10200 10250
17 10300 10350
17 10400 10450
17 10500 10550
17 10600 10650
17 10700 10750
17 10800 10850
17 10900 10950
17 11000 11050
17 11100 11150
17 11200 11250
17 11300 11350
17 11400 11450
17 11500 11550
17 11600 11650
17 11700 11750
17 11800 11850
17 11900 11950
17 12100 12150
17 12300 12350
17 12500 12550
17 12600 12650
17 12700 12750
17 12800 12850
18 0 50
18 800 850
18 1800 1850
18 1900 1950
18 2000 2050
18 2800 2850
18 4800 4850
18 5000 5050
18 5200 5250
18 6100 6150
18 7800 7850
18 7900 7950
18 8900 8950
