0 723 724
0 747 748
0 751 752
0 758 759
0 1744 1745
0 1807 1811
0 1814 1822
0 1882 1883
0 1888 1889
0 1891 1892
0 1911 1914
0 1915 1916
0 1919 1920
0 1921 1923
0 1924 1941
0 1943 1944
0 1945 1946
0 1952 1953
0 3964 3966
0 3975 3979
0 3984 3985
0 4009 4010
0 4017 4018
0 4019 4020
0 4029 4030
0 4709 4710
0 4741 4742
0 4745 4746
0 4747 4777
0 4805 4806
0 5163 5164
0 5191 5192
0 5193 5195
0 5216 5218
0 7515 7517
0 7549 7550
0 7551 7552
0 7557 7558
0 7559 7560
0 7566 7570
0 7581 7588
0 7589 7592
0 7594 7596
0 7597 7600
0 7601 7602
0 7605 7608
0 7609 7612
0 7613 7620
0 7621 7651
0 7652 7656
0 7657 7668
0 7669 7670
0 7671 7678
0 7773 7782
0 8783 8815
0 8818 8819
0 8833 8839
0 8843 8844
0 8849 8850
0 8859 8860
1 806 807
1 813 848
1 851 852
1 885 886
1 891 892
1 910 911
1 916 978
1 994 1095
1 1096 1098
1 1103 1107
1 1109 1110
1 1114 1115
1 1116 1120
1 1128 1135
1 1144 1150
1 1156 1161
1 1164 1166
1 1167 1168
1 1178 1179
1 1180 1189
1 1230 1237
1 1238 1242
1 1246 1247
1 1250 1251
1 1260 1261
1 1263 1270
1 1299 1300
1 1302 1303
1 1332 1335
1 1336 1338
1 1362 1363
1 1364 1365
1 1375 1376
1 1390 1402
1 1403 1405
1 1421 1423
1 1424 1432
1 1433 1434
1 1435 1436
1 1452 1453
1 1489 1490
1 1513 1514
1 1515 1522
1 1524 1532
1 1533 1534
1 1545 1551
1 1552 1557
1 1562 1564
1 1565 1566
1 1579 1580
1 1641 1645
1 2021 2022
1 2039 2040
1 2050 2056
1 2064 2069
1 2073 2074
1 2076 2077
1 2079 2083
1 2092 2098
1 2107 2114
1 2122 2128
1 2136 2142
1 2150 2156
1 2163 2164
1 2165 2171
1 2180 2186
1 2194 2200
1 2207 2212
1 2213 2214
1 2235 2241
1 2267 2268
1 2279 2280
1 2308 2309
1 2312 2313
1 2337 2338
1 2360 2365
1 2376 2381
1 2382 2385
1 2390 2391
1 2392 2400
1 2406 2413
1 2421 2423
1 2424 2425
1 2427 2428
1 2450 2451
1 2454 2458
1 2465 2466
1 2467 2469
1 2473 2474
1 2496 2501
1 2505 2506
1 2519 2524
1 2525 2526
1 2543 2549
1 2561 2562
1 2563 2566
1 2567 2569
1 2573 2574
1 4750 4751
1 4774 4780
1 4811 5153
1 5158 5254
1 5614 5758
1 5775 5776
1 5784 5785
1 5787 5788
1 5792 5793
1 5796 5800
1 5802 5804
1 5805 5810
1 5814 5815
1 5816 5817
1 5934 5948
1 5994 5996
1 5997 5998
1 6122 6123
1 6132 6133
1 6160 6163
1 6168 6169
1 6174 6175
1 6176 6178
1 6200 6201
1 6241 6242
1 6244 6245
1 6265 6266
1 6277 6279
1 6835 6836
1 6847 6878
1 6904 6905
1 6909 6911
1 6920 6921
1 6959 6960
1 6962 6963
1 6971 6972
1 6973 6974
1 6979 6983
1 7164 7201
1 7588 7590
1 7599 7605
1 7606 7607
1 7609 7610
1 7618 7626
1 7637 7638
1 7639 7642
1 7658 7659
1 7722 7729
1 7737 7738
1 7739 7740
1 7747 7749
1 7765 7766
1 7778 7798
1 7847 7848
1 7852 7853
2 601 603
2 782 783
2 784 785
2 786 787
2 799 813
2 825 826
2 877 878
2 900 901
2 908 909
2 915 916
2 931 932
2 958 960
2 1023 1024
2 1122 1127
2 1171 1172
2 1197 1199
2 1200 1201
2 1273 1274
2 1287 1288
2 1561 1562
2 1597 1598
2 1659 1660
2 1669 1670
2 1680 1681
2 1861 1863
2 1931 1945
2 3954 3958
2 3959 3960
2 3962 3965
2 3968 3969
2 3975 3976
2 4003 4004
2 4035 4036
2 4778 4811
2 4816 4817
2 4821 4823
2 4838 4839
2 4854 4856
2 4872 4874
2 4875 4876
2 4882 4883
2 4888 4889
2 4897 4898
2 4914 4915
2 4918 4919
2 4923 4924
2 4945 4946
2 4982 4983
2 5153 5158
2 5160 5161
2 5164 5165
2 5174 5175
2 5181 5183
2 5195 5196
2 5198 5199
2 5207 5208
2 5229 5230
2 5265 5266
2 5270 5271
2 5275 5276
2 5601 5606
2 5608 5610
2 5613 5614
2 5638 5639
2 5761 5762
2 5763 5764
2 5843 5844
2 5845 5846
2 5847 5851
2 5857 5865
2 5866 5868
2 6133 6134
2 6140 6141
2 6144 6146
2 6157 6158
2 6159 6160
2 6172 6173
2 6185 6186
2 6189 6190
2 6193 6194
2 6200 6201
2 6208 6209
2 6225 6227
2 6228 6230
2 6231 6232
2 7514 7520
2 7529 7531
2 7743 7744
2 7761 7762
2 7798 7799
2 7890 7891
2 8361 8362
2 8367 8370
2 8371 8373
2 8383 8389
2 8403 8406
2 8407 8410
2 8422 8423
2 8425 8427
2 8428 8429
2 8442 8443
2 8450 8455
2 8460 8461
2 8472 8478
2 8479 8480
2 8491 8494
2 8495 8497
2 8498 8499
2 8510 8515
2 8517 8518
2 8555 8556
2 8557 8559
2 8560 8562
2 8577 8578
2 8582 8584
2 8588 8589
2 8597 8598
2 8599 8603
2 8604 8605
2 8615 8616
2 8617 8622
2 8624 8625
2 8638 8639
2 8640 8641
2 8645 8646
2 8664 8665
2 8677 8682
2 8683 8688
2 8689 8690
2 8700 8712
2 8722 8735
2 8736 8737
2 8752 8753
2 8764 8765
2 8776 8779
2 8785 8793
2 8796 8800
2 8801 8802
2 8803 8804
2 8805 8808
2 8812 8827
2 10202 10203
2 10205 10206
2 10210 10211
2 10219 10222
2 10223 10226
2 10262 10263
2 10271 10272
2 10274 10275
2 10278 10279
2 10549 10552
2 11765 11770
3 719 720
3 745 746
3 1744 1746
3 4024 4025
3 4059 4065
3 4718 4720
3 4723 4724
3 4728 4732
3 7572 7713
3 7714 7721
3 7864 7865
3 7895 7900
3 7901 7902
3 7904 7908
3 7915 7916
3 7952 7984
3 7990 7991
3 7994 7995
3 8876 8877
3 8918 8919
3 11870 11871
3 11876 11877
3 11880 11907
3 11938 11939
3 11941 11971
4 589 595
4 602 604
4 605 606
4 639 640
4 735 779
4 795 800
4 1547 1548
4 1558 1559
4 1561 1562
4 1589 1590
4 1609 1610
4 1613 1614
4 1692 1693
4 1731 1732
4 1747 1748
4 1754 1755
4 1759 1760
4 1762 1763
4 1787 1789
4 1791 1792
4 1828 1829
4 1830 1838
4 1931 1933
4 1934 1937
4 1938 1940
4 1946 1947
4 1949 1950
4 1953 1954
4 1959 1960
4 1962 1999
4 2214 2235
4 2240 2249
4 2252 2256
4 2384 2392
4 2400 2406
4 2429 2439
4 3973 3974
4 3985 3986
4 3987 3996
4 3998 3999
4 4047 4048
4 4068 4069
4 4114 4115
4 4145 4146
4 4158 4159
4 4738 4739
4 5209 5220
4 5228 5229
4 5231 5232
4 5239 5240
4 5271 5342
4 7508 7511
4 7515 7520
4 7653 7654
4 7686 7687
4 7688 7689
4 7700 7701
4 7752 7753
4 7755 7756
4 7822 7823
4 7828 7870
4 7871 7872
4 7873 7874
4 7879 7885
4 7889 7890
4 7903 7904
4 7911 7912
4 7913 7914
4 7931 7933
4 7995 7996
4 8000 8001
4 8011 8012
4 8022 8023
4 8026 8027
4 8039 8040
4 8043 8044
4 8054 8055
4 8061 8062
4 8073 8074
4 8075 8076
4 8782 8784
4 8788 8789
4 8859 8860
4 8876 8877
4 8888 8890
4 8893 8894
4 10464 10465
4 11821 11823
4 11991 11999
5 790 791
5 809 814
5 818 820
5 821 822
5 837 838
5 847 917
5 921 923
5 946 947
5 952 953
5 967 968
5 978 994
5 995 996
5 1007 1008
5 1013 1014
5 1017 1019
5 1026 1027
5 1029 1030
5 1051 1052
5 1070 1071
5 1098 1099
5 1100 1104
5 1107 1109
5 1110 1111
5 1127 1128
5 1135 1144
5 1149 1150
5 1159 1160
5 1161 1164
5 1166 1167
5 1168 1174
5 1175 1178
5 1338 1339
5 1363 1364
5 1388 1389
5 1402 1403
5 1406 1407
5 1413 1414
5 1415 1421
5 1432 1433
5 1434 1435
5 1441 1442
5 1494 1495
5 1520 1521
5 1522 1523
5 1532 1536
5 1542 1545
5 1547 1548
5 1557 1560
5 1566 1571
5 1572 1573
5 1575 1576
5 1580 1585
5 1591 1634
5 1823 1828
5 1829 1830
5 1844 1850
5 1851 1852
5 4748 4751
5 4820 4821
5 4823 4824
5 4850 4851
5 4861 4894
5 4895 4896
5 4930 4931
5 4941 4943
5 4957 4959
5 4963 4964
5 4968 4969
5 5001 5002
5 5015 5016
5 5035 5036
5 5037 5038
5 5048 5049
5 5050 5051
5 5062 5063
5 5084 5086
5 5092 5093
5 5112 5113
5 5131 5132
5 5143 5144
5 5149 5150
5 5169 5236
5 5599 5603
5 5604 5605
5 5606 5608
5 5610 5612
5 5613 5614
5 5637 5638
5 5646 5647
5 5650 5651
5 5658 5659
5 5669 5670
5 5700 5701
5 5702 5703
5 5706 5707
5 5711 5712
5 5718 5719
5 5737 5738
5 5741 5743
5 5748 5749
5 5757 5784
5 5810 5899
5 5900 5902
5 5940 5952
5 5998 6046
5 6047 6049
5 6101 6277
5 6813 6821
5 6832 6847
5 6856 6857
5 6865 6869
5 6873 6874
5 6878 6979
5 7660 7661
5 7692 7693
5 7705 7706
5 7710 7722
5 7729 7779
5 7781 7782
5 7795 7796
5 7798 7817
5 7822 7828
5 7845 7846
5 7848 7849
6 10240 10241
6 10247 10274
6 10275 10286
6 10311 10312
6 10316 10324
6 10488 10489
6 10492 10493
6 10502 10504
6 10527 10529
6 10532 10533
6 10536 10537
6 10543 10545
6 10546 10592
6 10606 10607
6 10608 10610
6 10616 10617
6 10620 10621
6 10626 10627
6 10740 10741
6 10785 10786
6 10808 10809
6 10883 10919
6 10961 10969
6 10979 10990
6 11028 11037
6 11048 11049
6 12842 12858
6 12859 12860
6 12875 12876
6 12896 12897
7 8281 8295
7 8384 8387
7 8388 8395
7 8471 8485
7 8489 8491
7 8552 8553
7 8554 8555
7 8556 8557
7 8558 8562
7 8564 8565
7 8910 8911
7 9525 9529
7 9530 9547
7 9548 9549
7 9592 9601
7 9605 9617
7 9629 9632
7 9649 9651
7 9683 9687
7 9692 9693
7 9699 9700
7 9706 9707
7 9709 9710
7 9715 9716
7 9728 9741
7 9744 9746
7 9760 9761
7 9844 9845
7 9896 9897
7 9933 9934
7 9957 9958
7 9959 9960
7 9971 9972
7 10192 10213
7 10218 10231
7 10232 10246
7 10250 10293
7 10300 10301
7 10324 10433
7 10434 10435
7 10443 10445
7 10450 10451
7 10452 10455
7 10471 10473
7 10474 10475
7 10478 10479
7 10480 10481
7 10483 10484
7 10500 10501
7 10507 10508
7 10515 10516
7 10889 10891
7 10907 10908
7 10911 11118
7 11121 11124
7 11125 11130
7 11136 11137
7 11144 11145
7 11146 11147
7 11156 11157
7 11158 11160
7 11162 11163
7 11167 11168
7 11175 11176
7 11198 11199
7 11216 11217
7 11219 11220
7 11227 11228
7 11233 11234
7 11326 11327
7 11331 11333
7 11351 11353
7 11357 11358
7 11361 11362
7 11424 11425
7 11432 11433
7 11451 11452
7 12626 12642
7 12644 12645
7 12661 12662
7 12667 12668
7 12672 12673
7 12683 12684
7 12704 12706
7 12758 12759
7 12770 12771
7 12780 12781
7 12782 12783
7 12795 12797
7 12809 12810
7 12817 12883
8 10556 10580
8 10589 10590
8 10592 10634
8 10638 10639
8 10643 10644
8 10654 10655
8 10664 10665
8 10666 10667
8 10677 10678
8 10698 10699
8 10704 10705
8 10708 10709
8 10730 10731
8 10743 10755
8 10762 10763
8 10766 10767
8 10770 10771
8 10774 10775
8 10778 10779
8 12866 12876
8 12883 12900
9 9730 9731
9 9732 9751
9 9754 9869
9 9881 9882
9 9895 9896
9 9901 9902
9 9910 9949
9 9955 9976
9 9977 9978
9 9979 10063
9 10093 10094
9 10104 10105
9 10120 10121
9 10124 10125
9 10140 10141
9 10152 10153
9 10154 10159
9 10172 10193
9 10213 10218
9 10227 10228
9 10231 10232
9 10246 10250
9 10302 10304
9 10311 10312
9 10613 10616
9 10617 10618
9 10619 10620
9 10641 10643
9 10645 10649
9 10650 10651
9 10652 10654
9 10655 10660
9 10661 10676
9 10681 10683
9 10992 10993
9 11000 11001
9 11032 11033
9 11043 11044
9 11052 11053
9 11057 11058
9 11066 11067
9 11068 11069
9 11089 11091
9 11094 11095
9 11100 11101
9 11110 11111
9 11116 11121
9 11124 11125
9 11130 11242
9 11268 11344
9 12727 12736
9 12742 12817
9 12829 12830
9 12836 12837
9 12860 12861
9 12866 12867
9 12876 12877
9 12884 12900
10 605 608
10 609 779
10 1636 1804
10 4137 4199
10 4221 4337
10 4632 4744
10 7555 7727
10 8027 8137
10 8140 8141
10 8144 8145
10 8147 8148
10 8162 8263
10 8264 8265
10 8268 8512
10 8534 8602
10 8603 8604
10 8629 8630
10 8631 8632
10 8650 8681
10 8703 8704
10 8732 8733
10 8744 8745
10 8746 8747
10 8748 8749
10 8755 8756
10 8772 8773
10 8806 8807
10 8834 8835
10 8836 8837
10 8885 8886
10 8943 8944
10 8952 8953
10 8956 8957
10 9324 9325
10 9348 9349
10 9368 9369
10 9476 9477
10 9480 9481
10 9507 9514
10 9515 9516
10 9523 9524
10 9525 9526
10 9530 9541
10 9559 9564
10 9580 9582
10 9589 9590
10 9604 9605
10 9608 9622
10 9623 9628
10 9629 9636
10 9639 9640
10 9655 9683
10 9697 9728
10 9904 9905
10 11223 11233
10 11235 11236
10 11237 11238
10 11239 11240
10 11242 11268
10 11290 11291
10 11314 11315
10 11336 11337
10 11338 11395
10 11396 11412
10 11418 11504
10 11507 11508
10 11515 11516
10 11533 11534
10 11536 11537
10 11586 11734
10 11739 11740
10 11756 11757
10 11768 11770
10 11777 11924
10 11928 11929
10 11944 11947
10 11948 11949
10 11959 11960
10 11962 11990
10 11994 11995
10 11999 12000
10 12006 12008
10 12010 12011
10 12013 12014
10 12016 12017
10 12032 12033
10 12034 12035
10 12040 12041
10 12043 12044
10 12045 12052
10 12054 12055
10 12056 12083
10 12172 12180
10 12218 12219
10 12227 12237
10 12238 12260
10 12261 12262
10 12263 12265
10 12267 12269
10 12285 12290
10 12291 12292
10 12386 12387
10 12390 12392
10 12397 12408
10 12464 12465
10 12493 12494
10 12514 12566
10 12567 12568
10 12576 12577
10 12579 12580
10 12581 12582
10 12599 12742
10 12752 12753
10 12757 12758
10 12761 12762
10 12763 12764
10 12768 12770
10 12775 12776
10 12777 12778
11 245 246
11 257 258
11 272 273
11 292 428
11 433 434
11 443 444
11 445 446
11 452 453
11 455 456
11 489 490
11 508 509
11 532 533
11 1258 1260
11 1273 1274
11 1290 1291
11 1294 1295
11 1298 1299
11 1324 1325
11 1328 1329
11 1338 1390
11 1392 1393
11 1396 1397
11 1405 1406
11 1407 1413
11 1414 1415
11 1423 1424
11 1439 1440
11 1444 1446
11 1460 1461
11 1520 1524
11 3540 3554
11 3568 3569
11 3572 3573
11 3578 3579
11 3583 3585
11 3591 3592
11 3599 3600
11 3616 3617
11 3629 3786
11 3793 3794
11 3798 3799
11 3801 3803
11 3831 3832
11 3840 3841
11 3876 3877
11 4308 4309
11 4311 4312
11 4316 4322
11 4517 4522
11 4550 4551
11 4814 4815
11 4825 4826
11 4829 4830
11 4844 4845
11 4846 4848
11 4851 4852
11 4862 4863
11 4867 4868
11 4886 4887
11 4892 4893
11 4896 4897
11 4900 4901
11 4902 4903
11 4927 4928
11 4930 4931
11 4955 4956
11 4988 4989
11 5021 5024
11 5048 5049
11 7098 7100
11 7106 7107
11 7129 7130
11 7131 7132
11 7137 7138
11 7148 7149
11 7155 7173
11 7174 7313
11 7318 7319
11 7342 7343
11 7348 7349
11 7357 7358
11 7363 7364
11 7367 7371
11 7372 7373
11 7375 7376
11 7390 7391
11 7409 7410
11 8074 8078
11 8152 8153
11 8154 8155
11 8265 8266
11 8336 8337
11 9019 9023
11 9082 9083
11 9088 9097
11 9125 9133
11 9136 9158
11 9169 9170
11 9685 9692
11 9693 9697
11 9700 9701
11 9717 9718
11 9721 9722
11 9726 9727
11 9728 9729
11 9817 9819
11 9820 9844
11 9853 9854
11 9876 9877
11 9916 9917
11 9923 9925
11 9929 9930
11 9934 9935
11 9941 9942
11 9948 9955
11 9972 9973
11 9976 9979
11 9986 9987
11 9989 9990
11 9991 9992
11 10010 10011
11 10027 10028
11 10031 10032
11 10035 10036
11 10042 10043
11 10046 10047
11 10050 10051
11 10055 10056
11 10063 10064
11 10066 10068
11 10073 10074
11 10087 10088
11 10097 10098
11 10107 10108
11 10117 10118
11 10125 10126
11 10129 10130
11 10133 10134
11 10141 10142
11 10144 10145
11 10590 10591
11 10612 10618
11 10619 10620
11 10628 10629
11 10639 10640
11 10647 10648
11 10676 10677
11 10683 10685
11 10686 10730
11 10731 10798
11 10804 10805
11 11519 11520
11 11542 11543
11 11562 11563
11 11575 11576
11 11577 11579
11 11580 11581
11 11584 11585
11 11616 11617
11 11619 11620
11 11624 11625
11 11626 11627
11 11635 11636
11 11646 11647
11 11649 11650
11 11656 11657
11 11760 11761
11 12009 12010
11 12012 12013
11 12018 12019
11 12020 12021
11 12031 12032
11 12062 12063
11 12070 12071
11 12083 12088
11 12193 12212
11 12213 12216
11 12217 12234
11 12235 12236
11 12241 12242
11 12243 12257
11 12350 12351
11 12352 12363
11 12422 12423
11 12424 12425
11 12431 12432
11 12437 12439
11 12441 12443
11 12553 12554
11 12569 12570
11 12811 12889
12 451 452
12 464 465
12 473 474
12 485 486
12 488 489
12 496 508
12 509 512
12 513 520
12 526 527
12 532 533
12 534 535
12 542 543
12 544 545
12 549 550
12 552 571
12 574 575
12 595 597
12 600 601
12 613 614
12 628 629
12 630 633
12 634 659
12 1407 1408
12 1417 1418
12 1440 1442
12 1448 1460
12 1461 1470
12 1471 1489
12 1490 1494
12 1495 1496
12 1497 1513
12 1514 1515
12 1516 1517
12 1522 1523
12 1536 1537
12 1607 1610
12 1643 1644
12 1646 1647
12 1649 1650
12 1652 1653
12 1657 1658
12 3684 3685
12 3686 3761
12 3763 3766
12 3767 3770
12 3771 3772
12 3777 3778
12 3786 3793
12 3794 3798
12 3799 3801
12 3805 3809
12 3812 3831
12 3832 3874
12 3880 3881
12 3882 3883
12 3884 3891
12 3892 3895
12 3899 3907
12 3915 3916
12 3922 3927
12 3929 3962
12 4185 4186
12 4192 4208
12 4209 4216
12 4217 4218
12 4402 4403
12 4540 4541
12 4547 4548
12 4551 4552
12 4564 4565
12 4570 4575
12 4588 4589
12 4598 4601
12 4608 4609
12 4613 4614
12 4647 4648
12 4664 4665
12 4674 4675
12 4727 4728
12 4734 4735
12 7262 7293
12 7300 7348
12 7349 7361
12 7366 7438
12 7439 7514
12 7526 7527
12 7536 7537
12 7711 7720
12 8005 8008
12 8053 8054
12 8065 8066
12 8075 8076
12 8077 8078
12 8104 8105
12 8106 8107
12 8109 8110
12 8113 8162
12 8177 8178
12 8193 8194
12 8204 8205
12 8211 8212
12 8214 8215
12 8221 8222
12 8225 8227
12 8235 8236
12 8253 8254
12 8255 8256
12 8263 8268
12 8270 8271
12 8275 8276
12 8294 8295
12 8296 8297
12 8298 8299
12 8311 8312
12 8320 8321
12 8323 8324
12 8325 8326
12 8339 8340
12 8356 8357
12 8364 8365
12 8378 8379
12 8384 8385
12 8394 8395
12 8398 8400
12 8417 8419
12 8432 8433
12 8435 8436
12 8452 8453
12 8458 8459
12 8470 8472
12 8475 8476
12 8481 8482
12 8492 8493
12 8500 8501
12 8504 8506
12 8511 8534
12 8547 8548
12 8562 8563
12 8602 8650
12 8651 8652
12 8653 8655
12 8658 8659
12 8670 8671
12 8681 8846
12 8849 8850
12 8856 8857
12 8933 8934
12 8962 8963
12 9014 9015
12 9048 9049
12 9050 9056
12 9057 9058
12 9059 9060
12 9062 9063
12 9070 9088
12 9097 9125
12 9132 9136
12 9143 9144
12 9152 9153
12 9157 9183
12 9189 9190
12 9229 9476
12 9477 9655
12 10155 10172
12 10174 10175
12 10570 10584
12 10593 10597
12 10599 10600
12 10601 10616
12 11499 11500
12 11506 11507
12 11516 11517
12 11519 11520
12 11611 11612
12 11621 11622
12 11634 11635
12 11644 11645
12 11648 11649
12 11660 11661
12 11669 11670
12 11676 11677
12 11686 11687
12 11692 11693
12 11738 11739
12 11767 11768
12 11775 11776
12 11786 11787
12 11793 11794
12 11814 11815
12 11816 11817
12 11838 11840
12 11954 11955
12 11957 11958
12 11962 11963
12 11969 11970
12 11972 11973
12 11982 11983
12 11990 12057
12 12123 12160
12 12180 12227
12 12340 12379
12 12399 12453
12 12481 12492
12 12496 12508
12 12509 12510
12 12516 12517
12 12524 12525
12 12539 12540
12 12543 12544
12 12557 12558
12 12566 12599
14 358 359
14 362 363
14 365 366
14 371 372
14 374 375
14 376 378
14 410 411
14 416 417
14 428 556
14 1350 1359
14 1362 1363
14 1369 1370
14 1371 1374
14 1378 1379
14 1382 1383
14 1387 1388
14 1401 1402
14 1404 1405
14 1406 1407
14 1413 1414
14 1423 1424
14 1436 1441
14 1442 1513
14 1514 1515
14 1520 1529
14 3650 3670
14 3673 3680
14 3683 3685
14 3691 3692
14 3693 3697
14 3700 3701
14 3704 3708
14 3709 3711
14 3752 3753
14 3754 3755
14 3759 3760
14 3761 3762
14 3779 3781
14 3783 3784
14 3786 3929
14 3930 3972
14 3974 3975
14 3979 3980
14 3984 3985
14 3986 3987
14 3989 3990
14 3996 4033
14 4087 4088
14 4100 4101
14 4102 4108
14 4110 4111
14 4112 4113
14 4667 4674
14 4683 4684
14 4686 4728
14 4732 4747
14 4751 4752
14 4754 4755
14 4760 4761
14 4777 4778
14 4786 4787
14 4807 4808
14 4813 4814
14 4835 4836
14 4841 4842
14 4849 4850
14 4857 4858
14 4899 4900
14 4902 4903
14 4910 4911
14 4916 4917
14 4921 4937
14 7214 7231
14 7235 7236
14 7241 7242
14 7244 7245
14 7251 7252
14 7275 7276
14 7284 7285
14 7292 7293
14 7295 7296
14 7301 7302
14 7308 7309
14 7313 7454
14 9022 9024
14 9025 9028
14 9029 9070
14 9075 9078
14 9086 9087
14 9097 9098
14 9099 9102
14 9105 9106
14 9107 9108
14 9109 9127
14 9128 9129
14 9131 9132
14 9133 9136
14 9140 9160
14 9250 9254
14 9255 9262
14 9263 9269
14 9279 9280
14 9971 10000
14 10002 10003
14 10005 10006
14 10008 10009
14 10011 10012
14 10015 10016
14 10053 10054
14 10062 10154
14 10159 10160
14 10629 10630
14 10633 10684
14 10685 10686
14 10694 10695
14 10706 10707
14 10713 10714
14 10715 10716
14 10722 10723
14 10731 10734
14 10738 10739
14 10742 10743
14 11603 11616
14 11642 11644
14 11659 11660
14 11677 11679
14 11688 11689
14 11691 11692
14 11701 11702
14 11722 11723
14 11734 11778
14 11780 11781
14 11793 11815
14 12419 12422
14 12423 12424
14 12425 12430
14 12432 12437
14 12439 12441
14 12443 12514
14 12520 12522
14 12532 12534
14 12536 12537
14 12545 12546
14 12555 12557
14 12562 12564
15 36 353
15 1175 1178
15 1179 1180
15 1185 1186
15 1189 1198
15 1199 1200
15 1201 1230
15 1231 1232
15 1233 1235
15 1237 1238
15 1242 1246
15 1247 1250
15 1251 1260
15 1261 1263
15 1265 1266
15 1270 1334
15 1335 1336
15 1339 1346
15 3380 3629
15 3633 3634
15 3645 3650
15 4974 4977
15 5005 5006
15 5012 5013
15 5016 5017
15 5019 5020
15 5042 5043
15 5055 5056
15 5069 5070
15 5071 5072
15 5098 5099
15 5103 5104
15 5110 5111
15 5119 5120
15 5129 5130
15 5137 5138
15 5145 5146
15 5147 5148
15 5230 5234
15 6956 6965
15 6968 6969
15 6983 7156
15 7173 7174
15 7178 7179
15 7192 7199
15 7201 7202
15 9173 9174
15 9182 9229
15 9241 9242
15 9247 9248
15 9255 9256
15 9260 9262
15 9266 9267
15 9289 9290
15 9291 9294
15 9296 9307
15 9723 9727
15 9740 9754
15 9779 9780
15 9789 9790
15 9794 9795
15 9826 9827
15 9842 9843
15 9847 9848
15 9862 9863
15 9869 9910
15 9913 9914
15 9921 9922
15 10792 10793
15 10795 10796
15 10798 10911
15 10918 10919
15 10938 10984
15 10989 10990
15 10995 10996
15 11009 11010
15 11016 11017
15 11087 11129
15 11426 11429
15 11435 11436
15 11438 11439
15 11446 11447
15 11453 11454
15 11456 11457
15 11497 11498
15 11504 11587
15 11590 11591
15 11595 11596
15 11598 11619
16 620 672
16 677 678
16 682 683
16 687 688
16 694 695
16 700 719
16 720 735
16 741 742
16 743 745
16 777 778
16 780 788
16 789 790
16 1566 1582
16 1597 1633
16 1671 1681
16 1683 1684
16 1702 1703
16 1705 1828
16 1829 1830
16 1835 1836
16 1837 1932
16 1933 1934
16 1937 1938
16 1940 1963
16 1967 1968
16 1973 1974
16 1986 1987
16 1996 1997
16 1999 2049
16 2248 2358
16 2365 2374
16 2412 2455
16 2458 2512
16 3963 3964
16 3966 3987
16 3996 3998
16 4001 4004
16 4006 4008
16 4010 4014
16 4017 4018
16 4021 4022
16 4033 4086
16 4105 4106
16 4107 4108
16 4113 4114
16 4121 4122
16 4133 4134
16 4137 4139
16 4144 4145
16 4147 4149
16 4150 4151
16 4152 4153
16 4154 4155
16 4156 4157
16 4160 4161
16 4164 4165
16 4166 4167
16 4190 4191
16 4192 4219
16 4681 4682
16 4695 4696
16 4784 4785
16 4839 4840
16 4857 4858
16 4877 4878
16 4883 4884
16 4885 4886
16 5254 5270
16 5300 5301
16 5303 5304
16 5315 5317
16 5321 5322
16 5325 5326
16 5332 5333
16 5342 5394
16 5396 5403
16 5410 5415
16 5418 5420
16 5425 5429
16 5433 5434
16 5441 5446
16 5454 5459
16 5465 5470
16 5471 5472
16 5476 5483
16 5501 5502
16 5503 5507
16 5511 5512
16 5513 5518
16 5519 5520
16 5523 5529
16 5536 5539
16 5548 5551
16 5553 5554
16 5561 5562
16 5565 5566
16 5569 5577
16 5590 5596
16 5606 5608
16 5610 5613
16 5636 5639
16 5641 5644
16 5650 5651
16 5659 5666
16 5669 5670
16 5680 5681
16 5683 5684
16 5685 5686
16 5688 5689
16 7513 7517
16 7520 7541
16 7543 7544
16 7552 7559
16 7575 7618
16 7626 7710
16 7716 7717
16 7727 7728
16 7729 7730
16 7731 7732
16 7738 7739
16 7744 7745
16 7750 7751
16 7754 7755
16 7794 7795
16 7850 7851
16 7870 7873
16 7874 7879
16 7884 7896
16 7899 7904
16 7908 7976
16 7982 7983
16 8009 8010
16 8025 8026
16 8027 8030
16 8040 8041
16 8050 8054
16 8055 8074
16 8121 8128
16 8129 8134
16 8135 8137
16 8141 8147
16 8148 8152
16 8158 8162
16 8168 8170
16 8208 8209
16 8220 8221
16 8280 8281
16 8285 8286
16 8294 8295
16 8422 8423
16 8462 8463
16 8501 8502
16 8512 8513
16 8527 8528
16 8543 8544
16 8563 8564
16 8575 8576
16 8577 8578
16 8646 8647
16 8664 8666
16 8668 8669
16 8695 8696
16 8700 8701
16 8713 8714
16 8715 8716
16 8760 8761
16 8775 8776
16 8779 8781
16 8783 8784
16 8789 8793
16 8795 8796
16 8797 8798
16 8810 8811
16 8814 8815
16 8822 8823
16 8846 8922
16 8923 8924
16 8927 8928
16 8929 8930
16 8936 8937
16 8940 8941
16 8972 8973
16 10261 10264
16 10289 10290
16 10293 10324
16 10329 10330
16 10331 10332
16 10338 10339
16 10376 10378
16 10380 10381
16 10403 10404
16 10406 10407
16 10417 10418
16 10432 10434
16 10435 10563
16 11826 11830
16 11854 11855
16 11859 11860
16 11863 11864
16 11866 11867
16 11888 11889
16 11893 11894
16 11899 11900
16 11913 11914
16 11924 11963
16 11974 11977
16 11985 11991
17 567 570
17 571 628
17 629 630
17 632 634
17 636 637
17 645 646
17 650 651
17 656 657
17 659 700
17 702 703
17 713 714
17 717 718
17 787 788
17 790 792
17 796 797
17 817 818
17 822 823
17 1523 1524
17 1536 1542
17 1548 1549
17 1551 1552
17 1554 1555
17 1557 1558
17 1560 1562
17 1564 1565
17 1571 1572
17 1573 1579
17 1585 1591
17 1594 1595
17 1626 1627
17 1634 1705
17 1729 1730
17 1737 1738
17 1744 1745
17 1749 1750
17 1765 1766
17 1768 1769
17 1777 1778
17 1787 1788
17 1833 1835
17 1836 1837
17 1856 1857
17 1964 1965
17 1972 1973
17 1975 1976
17 1979 1981
17 1983 1984
17 1992 1993
17 1999 2000
17 3959 3961
17 3965 3966
17 3987 3995
17 3999 4001
17 4004 4006
17 4013 4017
17 4018 4019
17 4020 4021
17 4022 4023
17 4026 4027
17 4030 4033
17 4042 4043
17 4086 4192
17 4330 4428
17 4509 4570
17 4575 4598
17 4601 4686
17 4688 4690
17 4699 4700
17 4714 4715
17 4729 4730
17 4732 4734
17 4735 4740
17 4743 4745
17 4746 4748
17 4756 4757
17 4763 4787
17 5187 5188
17 5191 5192
17 5200 5201
17 5205 5206
17 5212 5214
17 5232 5233
17 5309 5310
17 7507 7510
17 7513 7514
17 7518 7520
17 7521 7522
17 7534 7535
17 7537 7538
17 7541 7553
17 7559 7575
17 7592 7593
17 7607 7608
17 7618 7626
17 7638 7639
17 7648 7649
17 7653 7654
17 7660 7662
17 7691 7692
17 7694 7695
17 7703 7704
17 7715 7716
17 7724 7725
17 7741 7742
17 7746 7747
17 7762 7763
17 7767 7768
17 7771 7772
17 7817 7818
17 7861 7862
17 7880 7881
17 7923 7924
17 7930 7931
17 7946 7947
17 7951 7952
17 7958 7959
17 7975 8113
17 8125 8161
17 8192 8239
17 8810 8811
17 8832 8833
17 8856 8857
17 8891 8892
17 8898 8899
17 8922 9033
17 10166 10167
17 10175 10176
17 10178 10179
17 10188 10189
17 10190 10191
17 10196 10197
17 10205 10207
17 10218 10219
17 10221 10222
17 10223 10231
17 10232 10245
17 10254 10255
17 10274 10275
17 10279 10280
17 10282 10283
17 10295 10296
17 10297 10298
17 10309 10310
17 10317 10318
17 10333 10334
17 10341 10346
17 10348 10349
17 10355 10356
17 10374 10375
17 10381 10382
17 10383 10385
17 10503 10504
17 10511 10512
17 10515 10516
17 10528 10529
17 10538 10539
17 10544 10545
17 10547 10548
17 10554 10564
17 10566 10567
17 11762 11790
17 11811 11813
17 11824 11825
17 11852 11853
17 11865 11866
17 11872 11873
17 11875 11876
17 11885 11886
17 11887 11888
17 11891 11892
17 11910 11911
17 11916 11917
17 11918 11920
17 11949 11950
17 11951 11952
17 11964 11965
17 11981 11982
17 11984 11985
17 12010 12035
17 12042 12043
17 12477 12478
18 749 754
18 764 765
18 777 778
18 779 799
18 803 804
18 806 807
18 810 811
18 812 813
18 827 828
18 837 838
18 839 840
18 841 842
18 848 851
18 852 859
18 1816 1822
18 1827 1828
18 1844 1845
18 1848 1849
18 1857 1858
18 1859 1860
18 1864 1865
18 1875 1876
18 1897 1898
18 1906 1907
18 1923 1924
18 1925 1926
18 1930 1931
18 1937 1938
18 1951 1952
18 1980 1981
18 1994 1995
18 1997 1998
18 2013 2014
18 2037 2038
18 2059 2060
18 2061 2064
18 2077 2079
18 2114 2119
18 2132 2136
18 2146 2147
18 2157 2162
18 2173 2176
18 2177 2180
18 2193 2194
18 2197 2198
18 2201 2203
18 2205 2206
18 2223 2224
18 2227 2228
18 2229 2230
18 2324 2325
18 2367 2369
18 2381 2382
18 2385 2386
18 2387 2388
18 2403 2404
18 2419 2420
18 2462 2463
18 2515 2520
18 2521 2529
18 2539 2545
18 2699 2706
18 2717 2725
18 2728 2729
18 2736 2745
18 2758 2759
18 2760 2767
18 2774 2775
18 2791 2799
18 2814 2815
18 4000 4001
18 4004 4006
18 4008 4011
18 4014 4017
18 4019 4020
18 4023 4033
18 4043 4044
18 4063 4064
18 4066 4067
18 4080 4081
18 4101 4102
18 4119 4120
18 4124 4125
18 4127 4131
18 4139 4141
18 4142 4144
18 4146 4150
18 4151 4152
18 4164 4165
18 4483 4486
18 4504 4505
18 4588 4590
18 4592 4596
18 4688 4733
18 4739 4740
18 4768 4769
18 4778 4779
18 4787 4788
18 4803 4804
18 4806 4807
18 4808 4809
18 4813 4814
18 4827 4829
18 4830 4831
18 4959 4960
18 4980 4981
18 4996 4997
18 4999 5000
18 5017 5018
18 5022 5024
18 5026 5027
18 5031 5032
18 5069 5070
18 5072 5073
18 5088 5089
18 5090 5091
18 5151 5152
18 5161 5162
18 5167 5171
18 5202 5203
18 5206 5207
18 5220 5221
18 5236 5237
18 5250 5254
18 5270 5271
18 5275 5276
18 5290 5291
18 5724 5745
18 5754 5756
18 5757 5761
18 5762 5776
18 5779 5780
18 5781 5782
18 5789 5795
18 5796 5809
18 5811 5812
18 5820 5821
18 5824 5841
18 5847 5848
18 5860 5867
18 5868 5874
18 5875 5876
18 5879 5881
18 5898 5912
18 5921 5922
18 5937 5938
18 5947 5948
18 6237 6240
18 6245 6248
18 6251 6326
18 6328 6329
18 6331 6333
18 6335 6336
18 7541 7553
18 7556 7557
18 7559 7574
18 7618 7625
18 7635 7636
18 7662 7664
18 7682 7683
18 7687 7688
18 7759 7760
18 7775 7776
18 7782 7783
18 7784 7785
18 7793 7794
18 7811 7812
18 7815 7822
18 7828 7829
18 7832 7833
18 7846 7847
18 7850 7851
18 7863 7865
18 7866 7881
18 7882 7915
18 7917 7918
18 7921 7922
18 7935 7936
18 7942 7954
18 7957 7958
18 7961 7962
18 8850 8852
18 8856 8857
18 8861 8862
18 8868 8869
18 8878 8879
18 8896 8898
18 8910 8911
18 8916 8917
18 8918 8919
18 8921 8922
18 8925 8926
18 8930 8931
18 8935 8936
18 8939 8940
18 8948 8949
18 8967 8968
18 8970 8971
18 8974 8975
18 8983 8984
18 8989 8990
18 9014 9016
