0 723 724
0 1744 1745
0 1807 1811
0 1814 1822
0 1891 1892
0 1911 1914
0 1915 1916
0 1919 1920
0 1921 1923
0 1924 1941
0 1952 1953
0 3964 3966
0 3975 3979
0 4009 4010
0 4017 4018
0 4029 4030
0 4709 4710
0 4747 4777
0 4805 4806
0 5163 5164
0 7515 7517
0 7549 7550
0 7551 7552
0 7557 7558
0 7559 7560
0 7566 7570
0 7581 7588
0 7589 7592
0 7594 7596
0 7597 7600
0 7601 7602
0 7605 7608
0 7609 7612
0 7613 7620
0 7621 7651
0 7652 7656
0 7657 7668
0 7669 7670
0 7671 7678
0 7773 7782
0 8783 8815
0 8818 8819
0 8833 8839
0 8843 8844
0 8859 8860
1 806 807
1 813 848
1 917 978
1 994 1095
1 1096 1098
1 1103 1107
1 1109 1110
1 1114 1115
1 1116 1120
1 1128 1135
1 1144 1150
1 1156 1161
1 1164 1166
1 1167 1168
1 1178 1179
1 1180 1189
1 1230 1237
1 1238 1242
1 1246 1247
1 1250 1251
1 1260 1261
1 1263 1270
1 1332 1335
1 1336 1338
1 1390 1402
1 1403 1405
1 1421 1423
1 1424 1432
1 1433 1434
1 1435 1436
1 1513 1514
1 1515 1522
1 1524 1532
1 1533 1534
1 1545 1551
1 1552 1557
1 1562 1564
1 1565 1566
1 1579 1580
1 1641 1645
1 2050 2056
1 2064 2069
1 2073 2074
1 2076 2077
1 2079 2083
1 2092 2098
1 2107 2114
1 2122 2128
1 2136 2142
1 2150 2156
1 2163 2164
1 2165 2171
1 2180 2186
1 2194 2200
1 2207 2212
1 2213 2214
1 2235 2241
1 2360 2365
1 2376 2381
1 2382 2385
1 2390 2391
1 2392 2400
1 2406 2412
1 2455 2458
1 2496 2501
1 2505 2506
1 2519 2524
1 2525 2526
1 2543 2549
1 2561 2562
1 2563 2566
1 2567 2569
1 2573 2574
1 4750 4751
1 4774 4780
1 4811 5153
1 5158 5254
1 5614 5758
1 5784 5785
1 5787 5788
1 5792 5793
1 5796 5800
1 5802 5804
1 5805 5810
1 5934 5948
1 5994 5996
1 5997 5998
1 6122 6123
1 6277 6279
1 6835 6836
1 6847 6873
1 6874 6878
1 6979 6983
1 7164 7201
1 7588 7590
1 7599 7605
1 7606 7607
1 7609 7610
1 7618 7626
1 7637 7638
1 7639 7642
1 7658 7659
1 7722 7729
1 7779 7798
2 601 603
2 799 813
2 900 901
2 958 960
2 1122 1127
2 1198 1199
2 1200 1201
2 1273 1274
2 1287 1288
2 1931 1945
2 3954 3958
2 3959 3960
2 3962 3965
2 3968 3969
2 4778 4811
2 5153 5158
2 5270 5271
2 5601 5606
2 5608 5610
2 5761 5762
2 5763 5764
2 5847 5851
2 5858 5864
2 5866 5867
2 7514 7520
2 8361 8362
2 8367 8370
2 8371 8373
2 8383 8389
2 8403 8406
2 8407 8410
2 8422 8423
2 8425 8427
2 8428 8429
2 8442 8443
2 8450 8455
2 8460 8461
2 8472 8478
2 8479 8480
2 8491 8494
2 8495 8497
2 8498 8499
2 8510 8515
2 8517 8518
2 8555 8556
2 8557 8559
2 8560 8562
2 8577 8578
2 8582 8584
2 8588 8589
2 8597 8598
2 8599 8603
2 8604 8605
2 8615 8616
2 8617 8622
2 8624 8625
2 8638 8639
2 8640 8641
2 8645 8646
2 8664 8665
2 8677 8682
2 8683 8688
2 8689 8690
2 8700 8712
2 8722 8735
2 8736 8737
2 8764 8765
2 8776 8779
2 8785 8793
2 8796 8800
2 8801 8802
2 8803 8804
2 8805 8808
2 8812 8827
2 10219 10222
2 10223 10226
2 10271 10272
2 10549 10552
2 11765 11770
3 719 720
3 745 746
3 1744 1746
3 4024 4025
3 4059 4065
3 4728 4732
3 7572 7713
3 7714 7721
3 7864 7865
3 7896 7899
3 7904 7908
3 7952 7984
3 7990 7991
3 7994 7995
3 8876 8877
3 8918 8919
3 11870 11871
3 11876 11877
3 11880 11907
3 11938 11939
3 11941 11971
4 589 595
4 602 604
4 605 606
4 735 779
4 795 800
4 1547 1548
4 1828 1829
4 1830 1838
4 1932 1933
4 1934 1937
4 1938 1940
4 1963 1999
4 2214 2235
4 2241 2248
4 2252 2256
4 2384 2392
4 2400 2406
4 2429 2439
4 3987 3996
4 5209 5220
4 5271 5342
4 7508 7511
4 7515 7520
4 7828 7870
4 7873 7874
4 7879 7885
4 8782 8784
4 11821 11823
4 11991 11999
5 790 791
5 809 814
5 818 820
5 848 917
5 978 994
5 1098 1099
5 1100 1103
5 1107 1109
5 1110 1111
5 1127 1128
5 1135 1144
5 1161 1164
5 1166 1167
5 1168 1174
5 1175 1178
5 1338 1339
5 1402 1403
5 1406 1407
5 1413 1414
5 1415 1421
5 1432 1433
5 1434 1435
5 1441 1442
5 1522 1523
5 1532 1533
5 1534 1536
5 1542 1545
5 1557 1560
5 1566 1571
5 1572 1573
5 1575 1576
5 1580 1585
5 1591 1634
5 1823 1828
5 1829 1830
5 1844 1850
5 1851 1852
5 4748 4751
5 4861 4894
5 5169 5236
5 5599 5603
5 5606 5608
5 5610 5612
5 5613 5614
5 5758 5784
5 5810 5899
5 5900 5902
5 5940 5952
5 5998 6046
5 6047 6049
5 6101 6277
5 6813 6821
5 6832 6847
5 6865 6869
5 6873 6874
5 6878 6979
5 7660 7661
5 7710 7722
5 7729 7779
5 7798 7817
5 7822 7828
6 10240 10241
6 10247 10274
6 10275 10286
6 10316 10324
6 10502 10504
6 10543 10545
6 10546 10592
6 10883 10919
6 10961 10969
6 10979 10990
6 11028 11037
6 11048 11049
6 12842 12858
7 8281 8295
7 8384 8387
7 8388 8395
7 8471 8485
7 8489 8491
7 8552 8553
7 8554 8555
7 8556 8557
7 8558 8562
7 8564 8565
7 8910 8911
7 9525 9529
7 9530 9547
7 9548 9549
7 9592 9601
7 9605 9617
7 9629 9631
7 9683 9687
7 9692 9693
7 9728 9741
7 10192 10213
7 10218 10231
7 10232 10246
7 10250 10293
7 10324 10433
7 10434 10435
7 10515 10516
7 10889 10890
7 10911 11116
7 11121 11124
7 11125 11130
7 11451 11452
7 12626 12642
7 12770 12771
7 12817 12883
8 10556 10580
8 10592 10633
8 10730 10731
8 10743 10755
8 10762 10763
8 10766 10767
8 10770 10771
8 10774 10775
8 10778 10779
8 12866 12876
8 12883 12900
9 9730 9731
9 9732 9751
9 9754 9869
9 9910 9949
9 9955 9972
9 9973 9976
9 9979 10063
9 10154 10159
9 10172 10192
9 10213 10218
9 10231 10232
9 10246 10250
9 10613 10618
9 10645 10649
9 10650 10651
9 10653 10654
9 10656 10660
9 10661 10676
9 10681 10683
9 11116 11121
9 11124 11125
9 11130 11242
9 11268 11344
9 12727 12735
9 12742 12817
9 12884 12900
10 605 608
10 609 779
10 1636 1804
10 4137 4199
10 4221 4337
10 4632 4744
10 7555 7727
10 8027 8137
10 8162 8263
10 8268 8511
10 8534 8602
10 8650 8681
10 9476 9477
10 9507 9513
10 9523 9524
10 9525 9526
10 9530 9541
10 9559 9564
10 9581 9582
10 9608 9622
10 9623 9628
10 9629 9636
10 9639 9640
10 9655 9683
10 9697 9728
10 11223 11233
10 11242 11268
10 11338 11395
10 11396 11412
10 11418 11504
10 11587 11734
10 11778 11924
10 11962 11990
10 12040 12041
10 12045 12052
10 12057 12083
10 12172 12180
10 12227 12237
10 12238 12260
10 12261 12262
10 12263 12265
10 12267 12269
10 12285 12290
10 12291 12292
10 12386 12387
10 12390 12392
10 12397 12408
10 12514 12566
10 12599 12742
11 292 428
11 1258 1260
11 1338 1390
11 1405 1406
11 1407 1413
11 1414 1415
11 1520 1524
11 3540 3554
11 3629 3786
11 4308 4309
11 4311 4312
11 4316 4322
11 4517 4522
11 5021 5024
11 5048 5049
11 7098 7100
11 7156 7173
11 7174 7313
11 7367 7371
11 7409 7410
11 8074 8078
11 9019 9023
11 9088 9097
11 9125 9133
11 9136 9157
11 9685 9692
11 9693 9697
11 9817 9819
11 9820 9844
11 9949 9955
11 9972 9973
11 9976 9979
11 10066 10068
11 10612 10618
11 10684 10685
11 10686 10730
11 10731 10798
11 10804 10805
11 12083 12088
11 12193 12212
11 12213 12216
11 12217 12234
11 12235 12236
11 12241 12242
11 12243 12257
11 12350 12351
11 12352 12363
11 12569 12570
11 12811 12889
12 485 486
12 488 490
12 497 508
12 509 512
12 513 520
12 549 550
12 552 571
12 628 629
12 630 633
12 634 659
12 1417 1418
12 1448 1470
12 1471 1494
12 1495 1496
12 1497 1513
12 1514 1515
12 1522 1523
12 1607 1610
12 3684 3685
12 3686 3761
12 3764 3766
12 3767 3770
12 3771 3772
12 3786 3803
12 3806 3809
12 3812 3873
12 3884 3891
12 3892 3895
12 3900 3907
12 3922 3927
12 3929 3962
12 4192 4208
12 4209 4216
12 4217 4218
12 4570 4575
12 4598 4601
12 7262 7293
12 7300 7361
12 7366 7438
12 7439 7514
12 7536 7537
12 7711 7720
12 8005 8008
12 8113 8162
12 8263 8268
12 8511 8534
12 8602 8650
12 8681 8846
12 9048 9049
12 9050 9056
12 9057 9058
12 9059 9060
12 9062 9063
12 9070 9088
12 9097 9125
12 9133 9136
12 9157 9183
12 9229 9476
12 9477 9655
12 10155 10172
12 10570 10584
12 10593 10597
12 10599 10600
12 10601 10616
12 11990 12057
12 12123 12160
12 12180 12227
12 12340 12379
12 12399 12453
12 12482 12492
12 12496 12508
12 12509 12510
12 12566 12599
14 428 556
14 1350 1359
14 1362 1363
14 1369 1370
14 1371 1374
14 1423 1424
14 1436 1441
14 1442 1513
14 1514 1515
14 1520 1529
14 3650 3670
14 3673 3680
14 3684 3685
14 3691 3692
14 3693 3697
14 3704 3708
14 3709 3711
14 3786 3929
14 3930 3972
14 3986 3987
14 3996 4033
14 4102 4108
14 4112 4113
14 4667 4674
14 4686 4728
14 4732 4747
14 4777 4778
14 4921 4937
14 7214 7231
14 7313 7454
14 9022 9024
14 9025 9028
14 9029 9070
14 9075 9078
14 9097 9098
14 9099 9102
14 9105 9106
14 9107 9108
14 9109 9127
14 9128 9129
14 9131 9132
14 9133 9136
14 9141 9160
14 9250 9254
14 9255 9262
14 9263 9269
14 9279 9280
14 9971 10000
14 10063 10154
14 10159 10160
14 10633 10684
14 10685 10686
14 10731 10734
14 10738 10739
14 10742 10743
14 11603 11616
14 11734 11778
14 11793 11815
14 12419 12430
14 12432 12514
14 12562 12564
15 36 353
15 1175 1178
15 1179 1180
15 1189 1198
15 1199 1200
15 1201 1230
15 1237 1238
15 1242 1246
15 1247 1250
15 1251 1260
15 1261 1263
15 1270 1332
15 1335 1336
15 1339 1346
15 3380 3629
15 3646 3650
15 4974 4977
15 5230 5234
15 6956 6965
15 6983 7156
15 7173 7174
15 7192 7199
15 7201 7202
15 9173 9174
15 9183 9229
15 9291 9294
15 9298 9307
15 9723 9727
15 9741 9754
15 9869 9910
15 9921 9922
15 10792 10793
15 10798 10911
15 10938 10984
15 11087 11129
15 11426 11429
15 11504 11587
15 11598 11619
16 620 672
16 700 719
16 720 735
16 777 778
16 780 788
16 789 790
16 1566 1582
16 1597 1633
16 1671 1681
16 1705 1828
16 1829 1830
16 1838 1932
16 1933 1934
16 1937 1938
16 1940 1963
16 1999 2049
16 2248 2358
16 2365 2374
16 2412 2455
16 2458 2512
16 3963 3964
16 3966 3987
16 3996 3999
16 4001 4004
16 4006 4008
16 4010 4014
16 4021 4022
16 4033 4086
16 4192 4219
16 4681 4682
16 5254 5270
16 5342 5394
16 5396 5403
16 5410 5415
16 5418 5420
16 5425 5429
16 5433 5434
16 5441 5446
16 5454 5459
16 5465 5470
16 5471 5472
16 5476 5483
16 5501 5502
16 5503 5507
16 5511 5512
16 5513 5518
16 5519 5520
16 5523 5529
16 5536 5539
16 5548 5551
16 5553 5554
16 5561 5562
16 5565 5566
16 5569 5577
16 5590 5596
16 5606 5608
16 5610 5613
16 5636 5639
16 5641 5644
16 5650 5651
16 5659 5666
16 5669 5670
16 5680 5681
16 5683 5684
16 5685 5686
16 5688 5689
16 7513 7517
16 7520 7541
16 7553 7559
16 7575 7618
16 7626 7710
16 7870 7873
16 7874 7879
16 7885 7896
16 7899 7904
16 7908 7975
16 8050 8074
16 8121 8128
16 8129 8134
16 8135 8137
16 8141 8153
16 8158 8162
16 8779 8781
16 8783 8784
16 8789 8793
16 8810 8811
16 8814 8815
16 8846 8922
16 10261 10264
16 10293 10324
16 10433 10434
16 10435 10563
16 11826 11830
16 11924 11962
16 11974 11977
16 11985 11991
17 567 570
17 571 628
17 629 630
17 633 634
17 659 700
17 1523 1524
17 1536 1542
17 1551 1552
17 1560 1562
17 1564 1565
17 1571 1572
17 1573 1575
17 1576 1579
17 1585 1591
17 1634 1705
17 1833 1838
17 3959 3961
17 3965 3966
17 3987 3995
17 3999 4001
17 4004 4006
17 4014 4017
17 4018 4021
17 4022 4023
17 4030 4033
17 4086 4192
17 4330 4428
17 4509 4570
17 4575 4598
17 4601 4686
17 4732 4740
17 4743 4747
17 4763 4787
17 7507 7510
17 7519 7520
17 7541 7553
17 7559 7575
17 7618 7626
17 7975 8113
17 8125 8161
17 8192 8239
17 8810 8811
17 8922 9033
17 10205 10207
17 10218 10219
17 10223 10231
17 10232 10245
17 10341 10345
17 10554 10564
17 10566 10567
17 11762 11790
17 12010 12035
17 12042 12043
18 749 753
18 779 799
18 848 859
18 1816 1822
18 2059 2060
18 2061 2064
18 2077 2079
18 2114 2119
18 2132 2136
18 2146 2147
18 2157 2162
18 2173 2176
18 2177 2180
18 2193 2194
18 2201 2203
18 2205 2206
18 2381 2382
18 2385 2386
18 2387 2388
18 2515 2520
18 2521 2529
18 2539 2545
18 2699 2706
18 2717 2725
18 2728 2729
18 2736 2745
18 2758 2759
18 2760 2767
18 2774 2775
18 2791 2799
18 2814 2815
18 4000 4001
18 4004 4006
18 4008 4010
18 4014 4018
18 4023 4033
18 4107 4108
18 4113 4114
18 4119 4120
18 4127 4130
18 4138 4141
18 4142 4151
18 4152 4153
18 4158 4159
18 4164 4165
18 4483 4486
18 4504 4505
18 4588 4590
18 4592 4596
18 4688 4733
18 4739 4740
18 5250 5254
18 5270 5271
18 5290 5291
18 5724 5745
18 5754 5756
18 5757 5761
18 5762 5776
18 5779 5780
18 5781 5782
18 5789 5795
18 5796 5809
18 5811 5812
18 5820 5821
18 5824 5841
18 5847 5848
18 5860 5867
18 5868 5874
18 5875 5876
18 5879 5881
18 5898 5912
18 5921 5922
18 5937 5938
18 5947 5948
18 6237 6240
18 6245 6248
18 6251 6326
18 6328 6329
18 6331 6333
18 6335 6336
18 7541 7553
18 7559 7574
18 7618 7625
18 7759 7760
18 7817 7822
18 7863 7865
18 7866 7881
18 7882 7915
18 7942 7954
18 7957 7958
18 7961 7962
