0 549 773
0 1226 1471
0 2100 2426
0 2441 2921
0 2922 2967
0 2983 3108
0 3109 3117
0 3143 3144
0 3145 3148
0 3150 3151
0 3153 3154
0 3156 3157
0 3158 3163
0 3164 3165
0 3168 3169
0 3174 3175
0 3203 3232
0 3246 3862
0 3928 4352
0 4428 4429
0 4430 4533
0 4638 4639
0 4662 5400
0 5402 5539
0 5543 5576
0 5577 5620
0 5621 5626
0 5627 5632
0 5633 5638
0 5639 5643
0 5830 5925
0 5931 6080
0 6397 6509
0 6972 6973
0 6974 7534
0 7535 7540
0 7541 7543
0 7544 7546
0 7548 7549
0 7550 7552
0 7553 7555
0 7556 7558
0 7559 7561
0 7562 7564
0 7566 7567
0 7568 7569
0 7572 7573
0 7574 7575
0 7580 7581
0 7586 7587
0 7589 7590
0 7592 7593
0 7598 7599
0 7600 7602
0 7604 7605
0 7606 7608
0 7610 7611
0 7612 7614
0 7616 7617
0 7618 7620
0 7622 7623
0 7624 7626
0 7628 7629
0 7630 7632
0 7633 7635
0 7636 7637
0 7640 7641
0 7642 7643
0 7648 7649
0 7651 7652
0 7654 7655
0 7656 7658
0 7660 7661
0 7662 7670
0 7671 7692
0 7693 7836
0 7850 7851
0 7852 8115
0 8472 8622
0 8788 9564
0 10163 10282
0 10402 10823
0 10913 11067
0 11242 11243
0 11305 11619
0 11625 11816
0 11817 11822
0 11823 11828
0 11829 11834
0 11835 11840
0 11841 11846
0 11847 11852
0 11853 11858
0 11859 11860
0 11861 11864
0 11865 11866
0 11867 11870
0 11871 11872
0 11873 11876
0 11877 11878
0 11879 11884
0 11885 11890
0 11891 11893
0 11943 11944
0 11955 11956
0 11961 11962
0 11963 11964
0 11990 11991
0 11996 11997
0 11999 12000
0 12002 12003
0 12014 12015
0 12017 12018
0 12023 12024
0 12025 12026
0 12029 12030
0 12031 12032
0 12034 12036
0 12037 12038
0 12040 12042
0 12043 12044
0 12046 12048
0 12049 12050
0 12052 12054
0 12055 12056
0 12057 12060
0 12061 12062
0 12063 12066
0 12067 12068
0 12069 12072
0 12073 12074
0 12075 12078
0 12079 12080
0 12081 12084
0 12085 12086
0 12087 12090
0 12091 12092
0 12093 12096
0 12097 12098
0 12099 12104
0 12105 12106
0 12266 12267
0 12400 12526
0 12694 12695
0 12697 12698
0 12700 12702
0 12703 12704
0 12705 12710
0 12711 12716
0 12717 13175
0 13193 13212
0 13213 13214
0 13215 13220
0 13221 13224
0 13225 13226
0 13227 13228
0 13229 13232
0 13233 13238
0 13239 13241
0 13242 13244
0 13245 13246
0 13248 13250
0 13254 13256
0 13257 13258
0 13260 13262
0 13263 13264
0 13266 13379
0 13385 13386
0 13387 13388
0 13389 13392
0 13393 13394
0 13396 13398
0 13399 13400
0 13401 13404
0 13405 13410
0 13411 13412
0 13414 13416
0 13417 13418
0 13420 13422
0 13423 13424
0 13425 13428
0 13429 13430
0 13431 13436
0 13437 13492
0 13493 13496
0 13512 13513
0 13518 13519
0 13530 13531
0 13533 13534
0 13535 13536
0 13562 13563
0 13567 13571
0 13573 13577
0 13580 13583
0 13586 13588
0 13592 13594
0 13598 13599
0 13601 13602
0 13604 13605
0 13606 13608
0 13611 13739
0 13772 13776
0 13777 13779
0 13780 13782
0 13784 13785
0 13786 13788
0 13789 13790
0 13792 13794
0 13795 13796
0 13799 13800
0 13819 13820
0 13821 13827
0 13828 13829
0 13858 13859
0 13860 13862
0 13863 13865
0 13866 13871
0 13872 13874
0 13886 14026
0 14038 14039
0 14041 14042
0 14043 14044
0 14045 14055
0 14131 14183
0 14216 14218
0 14219 14275
0 14280 14305
0 14310 14686
0 14744 14745
0 14751 14752
0 14754 14755
0 14759 14761
0 14762 14763
0 14766 14767
0 14768 14770
0 14772 14773
0 14774 14775
0 14778 14779
0 14780 14781
0 14783 14785
0 14786 14788
0 14790 14791
0 14792 14793
0 14796 14797
0 14798 14799
0 14804 14806
0 14807 14809
0 14810 14811
0 14816 14817
0 14819 14820
0 14822 14823
0 14828 14829
1 9 260
1 275 315
1 332 796
1 1068 1289
1 1902 2139
1 2366 2759
1 2821 2902
1 3102 3481
1 3502 3560
1 3583 3584
1 3667 3731
1 3762 3985
1 3987 4021
1 4038 4969
1 4977 4992
1 4994 4998
1 5000 5014
1 5112 5267
1 5269 5272
1 5275 5286
1 5287 5291
1 5292 5297
1 5298 5299
1 5393 5569
1 5771 5955
1 5994 5995
1 6000 6047
1 6048 6050
1 6051 6053
1 6054 6056
1 6057 6059
1 6060 6061
1 6717 7193
1 7203 7265
1 7266 7274
1 7275 7310
1 7513 7633
1 7679 7827
1 7840 7997
1 7998 7999
1 8401 8782
1 8791 8880
1 8894 9205
1 9220 9483
1 9484 9485
1 10117 10417
1 10446 10671
1 10746 10863
1 10978 11099
1 11107 11234
1 11377 11542
1 11588 11873
1 12056 12217
1 12219 12236
1 12242 12253
1 12264 12275
1 12276 12328
1 12391 12506
1 12533 12737
1 12740 12741
1 12752 13065
1 13069 13227
1 13573 13710
1 13841 13987
1 14019 14221
1 14232 14283
1 14306 14385
1 14404 14448
2 1 167
2 313 360
2 434 435
2 479 764
2 1189 1353
2 2030 2285
2 2411 2526
2 2567 2808
2 2834 2853
2 2854 2855
2 2916 3039
2 3165 3632
2 3644 4107
2 4132 4363
2 4375 4406
2 4410 4442
2 4495 4539
2 4546 4547
2 4548 4549
2 4552 4571
2 4579 4701
2 4764 5253
2 5276 5305
2 5321 5626
2 5807 5987
2 6901 7307
2 7319 7409
2 7411 7412
2 7631 8028
2 8417 8660
2 8677 9056
2 9057 9102
2 9108 9337
2 9341 9381
2 9385 9488
2 10142 10283
2 10371 10683
2 10807 10808
2 10842 10990
2 10991 10992
2 10994 10995
2 11163 11214
2 11251 11399
2 11421 11562
2 11627 11628
2 11645 11826
2 12180 12322
2 12324 12326
2 12367 12368
2 12369 12370
2 12372 12587
2 12675 12679
2 12682 12858
2 12893 13176
2 13180 13355
2 13596 13749
2 13750 13751
2 13753 13754
2 13759 13760
2 13762 13763
2 13765 13766
2 13771 13800
2 13809 13815
2 13816 13817
2 13823 13828
2 13865 13869
2 13880 14006
2 14048 14053
2 14062 14094
2 14105 14172
2 14188 14360
2 14373 14385
2 14386 14406
2 14411 14433
2 14439 14440
2 14444 14567
2 14569 14588
