0 0 50
0 100 150
0 200 250
0 300 350
0 400 450
0 500 550
0 600 650
0 700 750
0 800 850
0 900 950
0 1000 1050
0 1100 1150
0 1200 1250
0 1300 1350
0 1400 1450
0 1500 1550
0 1600 1650
0 1700 1750
0 1800 1850
0 1900 1950
0 2000 2050
0 2100 2150
0 2200 2250
0 2300 2350
0 2400 2450
0 2500 2550
0 2600 2650
0 2700 2701
0 2702 2751
0 2801 2851
0 2901 2918
0 2919 2968
0 3018 3068
0 3118 3168
0 3218 3268
0 3318 3368
0 3418 3468
0 3518 3568
0 3618 3668
0 3718 3768
0 3818 3868
0 3918 3968
0 4018 4068
0 4118 4168
0 4201 4251
0 4301 4351
0 4401 4451
0 4501 4551
0 4601 4651
0 4701 4751
0 4801 4851
0 4901 4951
0 5001 5051
0 5101 5151
0 5201 5251
0 5301 5351
0 5401 5451
0 5501 5551
0 5601 5651
0 5701 5751
0 5801 5851
0 5901 5951
0 6001 6051
0 6101 6151
0 6201 6251
0 6301 6351
0 6401 6451
0 6501 6551
0 6601 6651
0 6701 6751
0 6801 6851
0 6901 6951
0 7001 7051
0 7101 7151
0 7201 7238
0 7239 7288
0 7338 7388
0 7438 7488
0 7538 7588
0 7638 7688
0 7738 7788
0 7801 7851
0 7901 7951
0 8001 8051
0 8101 8151
0 8201 8251
0 8301 8351
0 8401 8451
0 8501 8551
0 8601 8651
0 8701 8751
0 8801 8851
0 8901 8951
0 9001 9051
0 9101 9151
0 9201 9251
0 9301 9351
0 9401 9451
0 9501 9551
0 9601 9651
0 9701 9751
0 9801 9851
0 9901 9951
0 10001 10051
0 10101 10151
0 10201 10251
0 10301 10351
0 10401 10451
0 10501 10551
0 10601 10651
0 10701 10751
0 10801 10851
0 10901 10951
0 11001 11051
0 11101 11151
0 11201 11251
0 11301 11351
0 11401 11451
0 11501 11551
0 11601 11651
0 11701 11751
0 11801 11851
0 11901 11951
0 12001 12051
0 12101 12151
0 12201 12251
0 12301 12351
0 12401 12451
0 12501 12551
0 12601 12651
0 12701 12751
0 12801 12851
0 12901 12951
0 13001 13051
0 13101 13151
0 13201 13251
0 13301 13351
0 13401 13451
0 13501 13551
0 13601 13651
0 13701 13751
0 13801 13851
0 13901 13951
0 14001 14051
0 14101 14151
0 14201 14251
0 14301 14351
0 14401 14451
0 14501 14551
0 14601 14651
0 14701 14751
0 14801 14833
1 0 50
1 100 150
1 200 250
1 300 350
1 400 450
1 500 550
1 600 650
1 700 750
1 800 850
1 900 950
1 1000 1050
1 1100 1150
1 1200 1250
1 1300 1350
1 1400 1450
1 1500 1501
1 1601 1651
1 1701 1751
1 1801 1851
1 1901 1951
1 2001 2051
1 2101 2151
1 2201 2251
1 2301 2351
1 2401 2451
1 2501 2551
1 2601 2651
1 2701 2751
1 2801 2851
1 2901 2951
1 3001 3051
1 3101 3151
1 3201 3251
1 3301 3351
1 3401 3451
1 3501 3551
1 3601 3651
1 3701 3751
1 3801 3851
1 3901 3951
1 4001 4051
1 4101 4151
1 4201 4251
1 4301 4351
1 4401 4451
1 4501 4551
1 4601 4651
1 4701 4751
1 4801 4851
1 4901 4951
1 5001 5051
1 5101 5151
1 5201 5251
1 5301 5351
1 5401 5451
1 5501 5551
1 5601 5651
1 5701 5751
1 5801 5851
1 5901 5951
1 6001 6051
1 6101 6151
1 6201 6251
1 6301 6351
1 6401 6451
1 6501 6551
1 6601 6651
1 6701 6751
1 6801 6851
1 6901 6951
1 7001 7051
1 7101 7151
1 7201 7251
1 7301 7351
1 7401 7451
1 7501 7551
1 7601 7651
1 7701 7751
1 7801 7851
1 7901 7951
1 8001 8051
1 8101 8151
1 8201 8251
1 8301 8351
1 8401 8451
1 8501 8551
1 8601 8651
1 8701 8751
1 8801 8851
1 8901 8951
1 9001 9051
1 9101 9151
1 9201 9251
1 9301 9351
1 9401 9451
1 9501 9551
1 9601 9651
1 9701 9751
1 9801 9851
1 9901 9951
1 10001 10051
1 10101 10151
1 10201 10251
1 10301 10351
1 10401 10451
1 10501 10551
1 10601 10651
1 10701 10751
1 10801 10832
1 10833 10882
1 10932 10982
1 11032 11082
1 11132 11182
1 11232 11282
1 11332 11382
1 11401 11451
1 11501 11551
1 11601 11651
1 11701 11751
1 11801 11851
1 11901 11951
1 12001 12051
1 12101 12151
1 12201 12251
1 12301 12351
1 12401 12451
1 12501 12551
1 12601 12651
1 12701 12751
1 12801 12851
1 12901 12951
1 13001 13051
1 13101 13151
1 13201 13251
1 13301 13351
1 13401 13451
1 13501 13551
1 13601 13651
1 13701 13751
1 13801 13851
1 13901 13951
1 14001 14051
1 14101 14151
1 14201 14251
1 14301 14351
1 14401 14451
1 14501 14551
1 14601 14651
1 14701 14751
1 14801 14841
2 0 50
2 100 150
2 200 250
2 300 350
2 400 450
2 500 550
2 600 650
2 700 750
2 800 850
2 900 950
2 1000 1050
2 1100 1150
2 1200 1250
2 1300 1350
2 1400 1450
2 1500 1550
2 1600 1650
2 1700 1750
2 1800 1850
2 1900 1950
2 2000 2050
2 2100 2150
2 2200 2250
2 2300 2350
2 2400 2450
2 2500 2550
2 2600 2650
2 2700 2750
2 2800 2850
2 2900 2950
2 3000 3050
2 3100 3150
2 3200 3250
2 3300 3350
2 3400 3450
2 3500 3550
2 3600 3650
2 3700 3750
2 3800 3850
2 3900 3950
2 4000 4050
2 4100 4150
2 4200 4250
2 4300 4350
2 4400 4450
2 4500 4550
2 4600 4650
2 4700 4750
2 4800 4850
2 4900 4950
2 5000 5050
2 5100 5150
2 5200 5250
2 5300 5350
2 5400 5450
2 5500 5550
2 5600 5650
2 5700 5750
2 5800 5850
2 5900 5950
2 6000 6050
2 6100 6150
2 6200 6250
2 6300 6350
2 6400 6450
2 6500 6550
2 6600 6650
2 6700 6750
2 6800 6850
2 6900 6950
2 7000 7050
2 7100 7150
2 7200 7250
2 7300 7350
2 7400 7450
2 7500 7550
2 7600 7650
2 7700 7750
2 7800 7850
2 7900 7950
2 8000 8050
2 8100 8150
2 8200 8250
2 8300 8350
2 8400 8450
2 8500 8550
2 8600 8650
2 8700 8750
2 8800 8850
2 8900 8950
2 9000 9050
2 9100 9150
2 9200 9250
2 9300 9350
2 9400 9450
2 9500 9550
2 9600 9650
2 9700 9750
2 9800 9850
2 9900 9950
2 10000 10050
2 10100 10150
2 10200 10250
2 10300 10350
2 10400 10450
2 10500 10550
2 10600 10650
2 10700 10750
2 10800 10850
2 10900 10950
2 11000 11050
2 11100 11150
2 11200 11250
2 11300 11350
2 11400 11450
2 11500 11550
2 11600 11650
2 11700 11750
2 11800 11850
2 11900 11950
2 12000 12050
2 12100 12150
2 12200 12250
2 12300 12350
2 12400 12450
2 12500 12550
2 12600 12650
2 12700 12750
2 12800 12850
2 12900 12902
2 12903 12952
2 13002 13052
2 13102 13152
2 13202 13252
2 13302 13352
2 13402 13452
2 13502 13552
2 13602 13652
2 13702 13752
2 13802 13852
2 13902 13952
2 14002 14052
2 14102 14152
2 14202 14252
2 14302 14352
2 14402 14452
2 14502 14552
2 14602 14652
2 14702 14752
2 14802 14832
