0 605 606
0 607 608
0 701 702
0 703 704
0 710 711
0 716 721
0 770 771
0 772 773
0 1249 1251
0 1252 1471
0 2187 2426
0 2443 2444
0 2446 2448
0 2449 2528
0 2530 2600
0 2672 2674
0 2679 2682
0 2685 2921
0 2922 2967
0 2983 3108
0 3109 3117
0 3143 3144
0 3145 3148
0 3150 3151
0 3153 3154
0 3156 3157
0 3158 3163
0 3164 3165
0 3168 3169
0 3174 3175
0 3273 3274
0 3277 3744
0 3745 3746
0 3757 3758
0 3759 3862
0 3928 4054
0 4068 4135
0 4144 4145
0 4167 4169
0 4170 4172
0 4173 4186
0 4188 4189
0 4264 4265
0 4268 4314
0 4315 4317
0 4318 4327
0 4337 4341
0 4344 4346
0 4443 4444
0 4526 4533
0 5253 5276
0 5305 5321
0 5615 5620
0 5621 5626
0 5627 5632
0 5633 5638
0 5639 5643
0 5876 5877
0 5878 5879
0 5895 5896
0 5897 5925
0 5931 6080
0 6397 6509
0 7114 7115
0 7160 7161
0 7166 7167
0 7175 7179
0 7180 7182
0 7186 7187
0 7189 7191
0 7192 7534
0 7535 7540
0 7541 7543
0 7544 7546
0 7548 7549
0 7550 7552
0 7553 7555
0 7556 7558
0 7559 7561
0 7562 7564
0 7566 7567
0 7568 7569
0 7572 7573
0 7574 7575
0 7580 7581
0 7586 7587
0 7589 7590
0 7592 7593
0 7598 7599
0 7600 7602
0 7604 7605
0 7606 7608
0 7610 7611
0 7612 7614
0 7616 7617
0 7618 7620
0 7622 7623
0 7624 7626
0 7628 7629
0 7630 7632
0 7633 7635
0 7636 7637
0 7640 7641
0 7642 7643
0 7648 7649
0 7651 7652
0 7654 7655
0 7656 7658
0 7660 7661
0 7662 7670
0 7671 7692
0 7693 7694
0 7698 7699
0 7704 7709
0 7710 7723
0 7725 7798
0 7800 7836
0 7850 7851
0 7901 8115
0 8512 8615
0 8912 8913
0 8930 9367
0 9370 9376
0 9378 9379
0 9380 9385
0 9401 9406
0 9452 9453
0 9483 9484
0 9485 9564
0 10180 10181
0 10193 10274
0 10276 10278
0 10279 10280
0 10281 10282
0 10445 10523
0 10530 10538
0 10539 10540
0 10542 10544
0 10545 10546
0 10547 10550
0 10551 10552
0 10554 10560
0 10561 10823
0 10929 11067
0 11242 11243
0 11307 11619
0 11625 11644
0 11684 11686
0 11687 11816
0 11817 11822
0 11823 11828
0 11829 11834
0 11835 11840
0 11841 11846
0 11847 11852
0 11853 11858
0 11859 11860
0 11861 11864
0 11865 11866
0 11867 11870
0 11871 11872
0 11873 11876
0 11877 11878
0 11879 11884
0 11885 11890
0 11891 11893
0 11943 11944
0 11955 11956
0 11961 11962
0 11963 11964
0 11990 11991
0 11996 11997
0 11999 12000
0 12002 12003
0 12014 12015
0 12017 12018
0 12023 12024
0 12025 12026
0 12029 12030
0 12031 12032
0 12034 12036
0 12037 12038
0 12040 12042
0 12043 12044
0 12046 12048
0 12049 12050
0 12052 12054
0 12055 12056
0 12057 12060
0 12061 12062
0 12063 12066
0 12067 12068
0 12069 12072
0 12073 12074
0 12075 12078
0 12079 12080
0 12081 12084
0 12085 12086
0 12087 12090
0 12091 12092
0 12093 12096
0 12097 12098
0 12099 12104
0 12105 12106
0 12266 12267
0 12400 12404
0 12406 12434
0 12435 12440
0 12441 12443
0 12498 12499
0 12506 12508
0 12509 12511
0 12512 12514
0 12515 12517
0 12519 12520
0 12521 12523
0 12525 12526
0 12694 12695
0 12697 12698
0 12700 12702
0 12703 12704
0 12705 12710
0 12711 12716
0 12717 12722
0 12723 12724
0 12736 12752
0 12753 12754
0 12760 12762
0 12763 12765
0 12766 12768
0 12769 12811
0 12812 13152
0 13172 13173
0 13174 13175
0 13218 13220
0 13221 13224
0 13229 13232
0 13233 13238
0 13239 13240
0 13242 13244
0 13245 13246
0 13248 13250
0 13254 13256
0 13257 13258
0 13260 13262
0 13263 13264
0 13266 13379
0 13385 13386
0 13387 13388
0 13389 13392
0 13393 13394
0 13396 13398
0 13399 13400
0 13401 13404
0 13405 13410
0 13411 13412
0 13414 13416
0 13417 13418
0 13420 13422
0 13423 13424
0 13425 13428
0 13429 13430
0 13431 13436
0 13437 13492
0 13493 13496
0 13512 13513
0 13518 13519
0 13530 13531
0 13533 13534
0 13535 13536
0 13562 13563
0 13567 13571
0 13573 13577
0 13580 13583
0 13586 13588
0 13592 13594
0 13598 13599
0 13601 13602
0 13604 13605
0 13606 13608
0 13611 13629
0 13641 13658
0 13659 13660
0 13665 13666
0 13679 13739
0 13772 13776
0 13777 13779
0 13780 13782
0 13784 13785
0 13786 13788
0 13789 13790
0 13792 13794
0 13795 13796
0 13799 13800
0 13819 13820
0 13821 13827
0 13828 13829
0 13858 13859
0 13860 13862
0 13863 13865
0 13866 13871
0 13872 13874
0 13896 13897
0 13913 13914
0 13915 13929
0 13931 13932
0 13933 13938
0 13939 14026
0 14038 14039
0 14041 14042
0 14043 14044
0 14045 14055
0 14140 14141
0 14154 14162
0 14172 14174
0 14182 14183
0 14216 14218
0 14219 14226
0 14237 14242
0 14243 14271
0 14280 14283
0 14285 14305
0 14310 14686
0 14744 14745
0 14751 14752
0 14754 14755
0 14759 14761
0 14762 14763
0 14766 14767
0 14768 14770
0 14772 14773
0 14774 14775
0 14778 14779
0 14780 14781
0 14783 14785
0 14786 14788
0 14790 14791
0 14792 14793
0 14796 14797
0 14798 14799
0 14804 14806
0 14807 14809
0 14810 14811
0 14816 14817
0 14819 14820
0 14822 14823
0 14828 14829
1 9 10
1 167 260
1 275 315
1 332 796
1 1068 1251
1 1267 1269
1 1270 1272
1 1902 2098
1 2099 2100
1 2135 2136
1 2137 2139
1 2366 2443
1 2444 2446
1 2448 2449
1 2528 2685
1 2693 2694
1 2710 2711
1 2720 2721
1 2739 2741
1 2821 2834
1 2836 2897
1 2898 2900
1 2901 2902
1 3102 3273
1 3274 3277
1 3289 3294
1 3302 3303
1 3390 3411
1 3442 3443
1 3445 3446
1 3448 3449
1 3450 3481
1 3512 3515
1 3518 3521
1 3524 3525
1 3558 3560
1 3583 3584
1 3700 3703
1 3704 3712
1 3728 3731
1 3961 3963
1 3964 3966
1 3967 3968
1 3970 3972
1 4169 4170
1 4172 4173
1 4186 4188
1 4189 4281
1 4282 4284
1 4286 4287
1 4291 4293
1 4294 4764
1 5112 5114
1 5295 5297
1 5298 5299
1 5393 5406
1 5407 5409
1 5410 5411
1 5413 5414
1 5423 5424
1 5425 5426
1 5568 5569
1 5771 5895
1 5896 5897
1 5916 5917
1 5926 5928
1 5929 5931
1 5949 5955
1 5994 5995
1 6000 6047
1 6048 6050
1 6051 6053
1 6054 6056
1 6057 6059
1 6060 6061
1 6717 6932
1 7021 7193
1 7204 7206
1 7208 7209
1 7214 7215
1 7255 7265
1 7266 7274
1 7275 7310
1 7513 7633
1 7679 7680
1 7681 7698
1 7699 7704
1 7709 7710
1 7723 7725
1 7736 7740
1 7741 7743
1 7744 7745
1 7775 7776
1 7778 7779
1 7780 7785
1 7792 7800
1 7805 7806
1 7807 7809
1 7840 7901
1 7949 7950
1 7952 7953
1 7954 7956
1 7957 7958
1 7970 7976
1 8401 8487
1 8488 8492
1 8499 8506
1 8576 8586
1 8587 8618
1 8620 8622
1 8641 8642
1 8644 8645
1 8647 8651
1 8653 8654
1 8656 8657
1 8659 8714
1 8715 8717
1 8718 8721
1 8722 8723
1 8743 8750
1 8752 8753
1 8761 8763
1 8767 8774
1 8778 8782
1 8800 8880
1 8894 8930
1 8956 8957
1 9014 9015
1 9016 9018
1 9019 9027
1 9044 9045
1 9046 9047
1 9071 9072
1 9073 9075
1 9076 9080
1 9081 9090
1 9105 9119
1 9121 9123
1 9124 9132
1 9137 9138
1 9139 9141
1 9148 9156
1 9157 9162
1 9169 9170
1 9187 9192
1 9193 9194
1 9199 9200
1 9236 9240
1 9250 9252
1 9253 9259
1 9263 9264
1 9266 9268
1 9288 9289
1 9290 9293
1 9295 9300
1 9301 9324
1 9331 9332
1 9334 9336
1 9367 9412
1 9413 9483
1 9484 9485
1 10117 10183
1 10185 10186
1 10188 10190
1 10191 10193
1 10203 10204
1 10206 10207
1 10212 10213
1 10274 10402
1 10414 10417
1 10446 10456
1 10473 10495
1 10496 10497
1 10498 10499
1 10500 10503
1 10504 10505
1 10508 10509
1 10522 10530
1 10532 10533
1 10538 10539
1 10540 10542
1 10544 10545
1 10546 10547
1 10550 10551
1 10552 10554
1 10558 10566
1 10567 10578
1 10591 10592
1 10636 10637
1 10639 10641
1 10746 10860
1 10862 10863
1 10978 10996
1 11021 11022
1 11024 11025
1 11026 11031
1 11033 11034
1 11035 11037
1 11040 11099
1 11107 11180
1 11181 11182
1 11211 11234
1 11377 11379
1 11380 11381
1 11384 11385
1 11386 11387
1 11394 11397
1 11398 11433
1 11434 11435
1 11452 11453
1 11455 11473
1 11492 11493
1 11494 11496
1 11497 11509
1 11511 11512
1 11513 11514
1 11516 11518
1 11519 11520
1 11539 11542
1 11588 11684
1 11686 11687
1 11710 11723
1 11725 11742
1 11743 11745
1 11746 11752
1 11753 11754
1 11755 11757
1 11822 11873
1 12056 12217
1 12219 12236
1 12242 12253
1 12264 12275
1 12276 12328
1 12391 12395
1 12397 12406
1 12448 12450
1 12451 12452
1 12454 12455
1 12475 12476
1 12494 12496
1 12497 12498
1 12500 12506
1 12533 12737
1 12752 12753
1 12754 12770
1 12771 12778
1 12779 12792
1 12793 12853
1 12854 12855
1 12860 12861
1 12862 12864
1 12865 12867
1 12878 12879
1 12881 12882
1 12883 12885
1 12887 12888
1 12889 12890
1 12892 12894
1 12895 12897
1 12900 12903
1 12920 12921
1 12935 12936
1 12937 12939
1 12940 12942
1 12943 12945
1 12946 12947
1 12950 12951
1 12952 12953
1 12974 12976
1 12991 13065
1 13087 13089
1 13090 13095
1 13096 13098
1 13100 13101
1 13152 13227
1 13573 13641
1 13658 13659
1 13660 13661
1 13666 13667
1 13841 13913
1 13914 13915
1 13929 13931
1 13932 13933
1 13937 13939
1 13940 13943
1 13945 13946
1 14019 14140
1 14141 14172
1 14174 14221
1 14232 14237
1 14242 14246
1 14323 14324
1 14329 14330
1 14332 14334
1 14335 14340
1 14341 14343
1 14353 14358
1 14359 14361
1 14362 14363
1 14374 14376
1 14377 14385
1 14404 14406
1 14407 14409
1 14410 14412
1 14413 14416
1 14422 14424
1 14428 14448
2 1 167
2 315 332
2 1191 1194
2 1198 1199
2 1201 1206
2 1207 1208
2 1213 1214
2 1240 1242
2 1243 1244
2 1251 1252
2 2030 2035
2 2047 2049
2 2053 2057
2 2062 2067
2 2068 2070
2 2077 2085
2 2086 2088
2 2089 2099
2 2100 2187
2 2411 2414
2 2422 2424
2 2525 2526
2 2567 2582
2 2584 2585
2 2587 2598
2 2852 2853
2 2854 2855
2 2916 2923
2 2926 2983
2 3038 3039
2 3165 3179
2 3181 3187
2 3744 3745
2 3746 3757
2 3758 3759
2 3862 3928
2 4054 4068
2 4135 4144
2 4145 4167
2 4255 4256
2 4317 4318
2 4764 5253
2 5276 5305
2 5321 5626
2 5819 5820
2 5925 5926
2 5928 5929
2 6901 6904
2 6932 7023
2 7034 7035
2 7039 7050
2 7069 7074
2 7076 7077
2 7079 7080
2 7082 7083
2 7120 7122
2 7398 7409
2 7411 7412
2 7631 7692
2 7694 7695
2 7696 7698
2 7699 7700
2 7702 7703
2 7798 7799
2 7818 7831
2 7833 7840
2 8023 8028
2 8424 8426
2 8427 8431
2 8467 8471
2 8473 8474
2 8476 8477
2 8480 8481
2 8487 8488
2 8492 8499
2 8506 8512
2 8615 8641
2 8642 8644
2 8645 8647
2 8651 8653
2 8654 8656
2 8657 8659
2 8683 8684
2 8693 8694
2 8698 8699
2 8714 8715
2 8717 8718
2 8721 8722
2 8723 8800
2 8880 8894
2 9412 9413
2 9450 9451
2 9453 9460
2 9461 9472
2 9475 9483
2 9484 9485
2 9486 9488
2 10142 10148
2 10183 10185
2 10186 10188
2 10190 10191
2 10280 10283
2 10371 10379
2 10382 10395
2 10396 10397
2 10402 10445
2 10678 10683
2 10807 10808
2 10842 10856
2 10859 10929
2 10985 10990
2 10991 10992
2 10994 10995
2 11163 11164
2 11180 11181
2 11182 11211
2 11251 11307
2 11557 11562
2 11627 11628
2 11645 11650
2 11665 11667
2 11816 11822
2 11825 11826
2 12180 12216
2 12217 12219
2 12223 12225
2 12226 12231
2 12232 12233
2 12236 12242
2 12253 12270
2 12271 12272
2 12275 12276
2 12277 12279
2 12280 12281
2 12304 12306
2 12308 12315
2 12316 12317
2 12318 12321
2 12324 12326
2 12367 12368
2 12369 12370
2 12372 12397
2 12398 12399
2 12404 12406
2 12434 12435
2 12440 12441
2 12443 12494
2 12496 12497
2 12499 12500
2 12508 12509
2 12511 12512
2 12514 12515
2 12517 12519
2 12520 12521
2 12523 12533
2 12709 12711
2 12721 12722
2 13171 13176
2 13180 13200
2 13225 13230
2 13232 13233
2 13238 13239
2 13240 13242
2 13243 13266
2 13346 13355
2 13596 13611
2 13613 13617
2 13618 13620
2 13621 13622
2 13658 13659
2 13661 13665
2 13667 13679
2 13739 13749
2 13750 13751
2 13753 13754
2 13759 13760
2 13762 13763
2 13765 13766
2 13771 13800
2 13809 13815
2 13816 13817
2 13823 13828
2 13865 13869
2 13885 13887
2 14002 14006
2 14048 14051
2 14093 14094
2 14105 14115
2 14137 14138
2 14221 14232
2 14271 14285
2 14305 14310
2 14412 14415
2 14444 14450
2 14586 14588
