0 90 120
0 240 300
0 360 390
0 420 450
0 600 750
0 1230 1380
0 1410 1440
0 2160 2250
0 2460 2550
0 2670 2790
0 2880 2910
0 3270 3390
0 3420 3540
0 3630 3690
0 4170 4200
0 4290 4320
0 4470 4530
0 4680 4710
0 4950 5070
0 5880 5970
0 6060 6120
0 7200 7440
0 7710 7740
0 7890 8010
0 8520 8580
0 8940 9030
0 9090 9120
0 9450 9480
0 9510 9540
0 10440 10500
0 10590 10680
0 11460 11550
0 12750 12780
0 12870 13140
0 14280 14400
1 0 90
1 210 240
1 360 420
1 510 630
1 720 750
1 1140 1230
1 2370 2400
1 2580 2760
1 3150 3240
1 3270 3300
1 3510 3540
1 3870 3930
1 4200 4230
1 4290 4320
1 4350 4440
1 4740 4890
1 5220 5250
1 5490 5520
1 5790 5940
1 6840 6870
1 6960 6990
1 7080 7260
1 7590 7620
1 7680 7710
1 7740 7830
1 7860 7950
1 8430 8520
1 8640 8670
1 8850 9000
1 9030 9060
1 9210 9240
1 9330 9360
1 10320 10380
1 10470 10650
1 10740 10830
1 11400 11460
1 11640 11670
1 12120 12150
1 12630 12660
1 12750 12960
1 13110 13140
1 13170 13200
1 13560 13620
1 13830 13860
1 13890 13920
1 14070 14100
1 14130 14250
1 14400 14430
2 0 30
2 330 360
2 540 600
2 630 690
2 1200 1290
2 2100 2190
2 2250 2280
2 2640 2850
2 3240 3360
2 3540 3570
2 3630 3660
2 3720 3810
2 3870 3900
2 4020 4110
2 4200 4230
2 4920 5010
2 5100 5190
2 5400 5610
2 6930 7050
2 7080 7110
2 7200 7260
2 7320 7380
2 8430 8550
2 8730 8760
2 8880 8910
2 9240 9270
2 10410 10470
2 10620 10650
2 10860 10950
2 11160 11220
2 11430 11460
2 11670 11700
2 12420 12510
2 12630 12660
2 12870 12900
2 12960 13050
2 13710 13740
2 13890 13920
2 14130 14160
2 14280 14310
2 14460 14580
