0 5421 5555
0 5565 5568
0 5593 5710
0 5760 5776
0 5838 5839
0 5840 5861
0 5911 5918
0 5923 5958
0 5976 6036
0 7463 7466
0 9301 9315
0 9398 9410
0 9452 9454
0 9455 9473
0 9875 10019
0 10865 10866
0 10907 10911
0 10913 10914
0 10915 11078
0 11678 11688
0 12222 12223
0 12225 12229
0 12505 12506
0 12522 12524
0 12628 12634
0 12655 12670
0 12700 12701
0 12704 12722
0 15685 15750
0 15756 15757
0 15773 15778
0 18200 18245
0 18293 18329
0 18330 18333
0 18334 18337
0 18451 18455
0 18648 18649
0 18650 18652
0 18693 18701
0 19133 19216
0 19256 19259
0 19279 19280
0 19285 19304
0 19333 19382
0 19615 19617
0 19632 19642
0 19661 19673
0 19708 19721
0 19755 19774
0 19782 19819
0 19820 19842
0 20020 20026
0 20032 20033
0 20042 20043
0 20046 20072
0 20078 20079
0 20080 20085
0 20088 20095
0 20096 20098
0 20100 20107
0 20108 20109
0 20113 20115
0 20116 20117
0 20123 20125
0 20129 20184
0 20724 20726
0 20759 20772
0 20849 20850
0 20992 21001
0 22693 22754
0 22824 23084
0 24195 24374
0 24423 24427
0 24438 24439
0 24442 24443
0 24463 24495
0 24942 25085
0 30991 31170
0 31223 31224
0 31226 31279
0 31390 31447
0 31636 31711
0 31730 31732
0 31751 31788
0 32077 32096
0 32102 32181
1 24 238
1 246 407
1 531 578
1 800 812
1 813 814
1 815 816
1 817 819
1 820 828
1 834 845
1 846 847
1 849 850
1 858 860
1 861 863
1 864 868
1 869 879
1 885 899
1 900 901
1 906 910
1 911 917
1 924 925
1 926 936
1 939 947
1 953 961
1 967 975
1 985 986
1 1146 1152
1 1157 1158
1 1159 1163
1 1164 1168
1 1181 1187
1 1236 1241
1 1242 1243
1 1246 1250
1 1251 1252
1 1253 1255
1 1256 1259
1 1260 1262
1 1263 1264
1 1283 1284
1 1308 1315
1 1318 1319
1 1369 1376
1 1378 1379
1 1382 1389
1 1394 1399
1 1400 1403
1 1411 1412
1 1414 1420
1 1423 1424
1 1433 1440
1 1449 1456
1 1463 1464
1 1466 1480
1 1482 1491
1 1501 1568
1 1614 1617
1 1631 1637
1 1648 1652
1 1662 1667
1 1675 1676
1 1677 1678
1 1680 1681
1 1685 1686
1 1702 1707
1 1715 1716
1 1718 1726
1 1730 1731
1 1733 1738
1 1740 1741
1 1753 1759
1 1770 1776
1 1785 1791
1 1800 1805
1 1813 1819
1 1827 1832
1 1840 1845
1 1848 1849
1 1855 1858
1 1859 1862
1 1863 1864
1 1868 1869
1 1872 1878
1 1885 1888
1 1889 1891
1 1897 1904
1 1907 1908
1 1913 1920
1 1928 1934
1 1940 1944
1 1949 1952
1 1957 1960
1 1968 1976
1 2054 2077
1 2102 2113
1 2114 2117
1 2192 2232
1 2445 2471
1 2838 2846
1 2851 2870
1 2876 2891
1 2898 2913
1 2921 2936
1 2937 2938
1 2945 2955
1 2956 2960
1 2961 2979
1 2980 2982
1 2987 2988
1 2991 2992
1 2998 2999
1 3021 3025
1 3030 3032
1 3045 3078
1 3085 3087
1 3119 3125
1 3138 3143
1 3194 3302
1 3306 3311
1 3312 3318
1 3319 3321
1 3322 3325
1 3326 3329
1 3332 3333
1 3336 3349
1 3357 3359
1 3363 3364
1 3365 3367
1 3378 3382
1 3386 3388
1 3401 3406
1 3424 3430
1 3445 3451
1 3467 3468
1 3469 3475
1 3493 3499
1 3535 3536
1 3545 3546
1 3547 3551
1 3583 3584
1 3585 3590
1 3591 3592
1 3614 3619
1 3623 3628
1 3644 3645
1 3648 3650
1 3668 3673
1 3685 3691
1 3707 3713
1 3721 3722
1 3737 3741
1 3746 3750
1 3755 3760
1 3763 3764
1 3769 3770
1 3776 3777
1 3779 3781
1 3784 3785
1 4050 4150
1 4213 4241
1 5459 5470
1 5776 5781
1 6036 6085
1 6086 6106
1 6247 6252
1 6253 6254
1 6260 6263
1 6264 6272
1 6278 6287
1 6288 6290
1 6296 6305
1 6312 6321
1 6328 6333
1 6334 6339
1 6345 6353
1 6354 6355
1 6360 6361
1 6362 6369
1 6375 6380
1 6381 6387
1 6392 6398
1 6404 6406
1 6420 6422
1 6423 6427
1 6432 6433
1 6434 6440
1 6449 6452
1 6453 6455
1 6462 6465
1 6513 6514
1 6582 6584
1 6718 6720
1 6723 6729
1 6730 6731
1 6732 6734
1 6735 6736
1 6739 6740
1 6769 6771
1 6772 6773
1 7198 7269
1 7902 7903
1 7906 7907
1 7977 7991
1 7999 8014
1 8041 8048
1 8159 8163
1 8164 8168
1 8186 8188
1 8193 8194
1 8196 8199
1 8200 8247
1 8250 8251
1 8253 8257
1 8259 8265
1 8276 8288
1 8305 8306
1 8307 8312
1 8313 8316
1 8324 8325
1 8326 8334
1 8351 8352
1 8353 8355
1 8356 8357
1 8359 8361
1 8362 8373
1 8374 8376
1 8507 8511
1 8514 8515
1 8516 8525
1 8530 8535
1 8545 8548
1 8553 8555
1 8563 8572
1 8574 8576
1 8577 8580
1 8582 8584
1 8604 8606
1 8607 8618
1 8619 8620
1 8627 8633
1 8640 8648
1 8650 8651
1 8657 8662
1 8663 8665
1 8666 8669
1 8670 8673
1 8674 8675
1 8677 8678
1 9361 9398
1 9410 9452
1 9454 9455
1 9473 9486
1 10021 10029
1 10035 10043
1 10049 10056
1 10062 10070
1 10076 10083
1 10089 10090
1 10091 10097
1 10102 10109
1 10116 10123
1 10129 10136
1 10142 10149
1 10155 10161
1 10162 10163
1 10169 10175
1 10181 10188
1 10195 10201
1 10207 10214
1 10221 10227
1 10234 10240
1 10247 10253
1 10261 10267
1 10269 10270
1 10276 10282
1 10290 10296
1 10304 10310
1 10319 10325
1 10334 10340
1 10351 10357
1 10368 10372
1 10373 10375
1 10388 10392
1 10393 10395
1 10413 10419
1 10486 10489
1 10490 10491
1 10492 10497
1 10498 10501
1 10508 10512
1 10513 10515
1 10518 10519
1 10529 10535
1 10539 10540
1 10543 10547
1 10551 10552
1 10553 10558
1 10561 10562
1 10564 10565
1 10569 10570
1 10571 10574
1 10578 10582
1 10586 10587
1 10590 10591
1 10592 10593
1 10594 10598
1 10599 10601
1 10612 10613
1 10617 10621
1 10624 10626
1 10629 10631
1 10632 10633
1 10635 10636
1 10637 10638
1 10640 10641
1 10647 10653
1 10654 10655
1 10678 10680
1 10681 10684
1 10689 10690
1 10692 10694
1 10697 10703
1 10733 10737
1 10744 10745
1 10748 10749
1 10754 10755
1 10759 10763
1 10765 10766
1 10769 10770
1 10786 10789
1 10790 10791
1 10795 10796
1 10808 10809
1 10828 10829
1 10871 10872
1 11078 11107
1 12610 12612
1 12734 12857
1 12970 12971
1 13219 13252
1 13464 13497
1 13572 13579
1 13581 13582
1 13586 13592
1 13602 13606
1 13609 13610
1 13612 13625
1 13628 13632
1 13633 13635
1 13649 13653
1 13660 13670
1 13676 13678
1 13679 13681
1 13682 13685
1 13692 13695
1 13700 13701
1 13703 13710
1 13716 13722
1 13728 13733
1 13734 13735
1 13741 13743
1 13744 13748
1 13754 13760
1 13767 13773
1 13779 13786
1 13792 13795
1 13796 13827
1 13839 13847
1 13853 13862
1 13869 13874
1 13882 13883
1 13884 13886
1 15205 15235
1 15692 15698
1 15748 15773
1 15780 15927
1 15928 15929
1 15930 15932
1 15960 15983
1 15996 16018
1 16020 16022
1 16044 16062
1 16104 16108
1 16119 16120
1 16147 16151
1 16152 16153
1 16158 16178
1 16327 16328
2 1661 1662
2 1665 1677
2 1955 2238
2 2239 2240
2 2250 2252
2 2255 2257
2 2267 2270
2 2275 2276
2 2279 2281
2 2288 2293
2 2303 2305
2 2308 2313
2 2315 2316
2 2323 2324
2 2348 2350
2 2351 2352
2 2353 2355
2 2356 2357
2 2359 2360
2 2369 2371
2 2375 2377
2 2383 2384
2 2387 2389
2 2393 2401
2 2407 2408
2 2417 2420
2 2423 2425
2 2437 2441
2 2443 2444
2 2455 2456
2 2457 2461
2 2467 2468
2 2471 2473
2 2477 2478
2 2479 2482
2 2483 2484
2 2496 2501
2 2503 2504
2 2513 2515
2 2516 2527
2 2758 2775
2 2776 2777
2 2779 2780
2 2783 2785
2 2786 2787
2 2788 2797
2 2798 2801
2 2802 2804
2 2807 2809
2 2813 2828
2 2829 2835
2 2839 2840
2 2843 2852
2 2855 2859
2 2863 2864
2 2865 2884
2 2887 2888
2 2892 2895
2 2896 2905
2 2913 2919
2 2920 2921
2 2923 2924
2 2927 2929
2 2934 2937
2 2938 2945
2 2947 2948
2 2950 3047
2 3087 3203
2 3204 3205
2 3227 3228
2 5592 5600
2 5710 5760
2 5776 6018
2 6333 6700
2 7113 7463
2 7466 7512
2 7534 7535
2 7536 7542
2 7545 7560
2 7591 7593
2 7596 7598
2 7599 7625
2 7759 7812
2 7973 7999
2 8000 8002
2 8004 8005
2 8014 8178
2 8560 8685
2 8769 8814
2 8948 8959
2 9061 9062
2 9221 9222
2 9223 9224
2 9225 9228
2 9279 9361
2 12463 12704
2 12722 12821
2 12829 13212
2 15655 15791
2 15812 15844
2 15861 15864
2 15927 15928
2 15929 15930
2 15932 15960
2 15983 15996
2 16018 16020
2 16024 16031
2 16038 16041
2 16062 16063
2 16090 16104
2 16108 16119
2 16120 16144
2 16154 16157
2 16158 16159
2 16178 16288
2 16330 16334
2 16362 16371
2 16393 16399
2 16403 16405
2 16558 16562
2 16572 16591
2 16592 16598
2 16600 16614
2 16631 16632
2 16635 16641
2 16773 16777
2 16779 16783
2 16784 16789
2 16817 16891
2 16910 16971
2 17008 17082
2 17084 17087
2 17114 17115
2 17165 17168
2 17187 17190
2 18061 18226
2 18233 18237
2 18238 18290
2 18329 18330
2 18333 18334
2 18337 18451
2 18455 18465
2 18466 18467
2 18468 18477
2 18482 18486
2 18803 18804
2 18805 18807
2 18818 18819
2 18826 18828
2 18829 18830
2 18831 18833
2 18835 18836
2 18843 18844
2 18856 18862
2 18892 18895
2 18898 18900
2 18920 18925
2 18943 18944
2 18945 18951
2 18967 18973
2 18980 18981
2 18992 18997
2 19014 19020
2 19036 19039
2 19040 19042
2 19043 19044
2 19058 19063
2 19080 19086
2 19092 19093
2 19100 19106
2 19108 19109
2 19122 19128
2 19150 19155
2 19166 19172
2 19183 19189
2 19200 19201
2 19202 19206
2 19216 19222
2 19231 19232
2 19233 19238
2 19247 19253
2 19257 19258
2 19263 19269
2 19278 19284
2 19285 19286
2 19293 19299
2 19309 19316
2 19325 19332
2 19341 19349
2 19358 19366
2 19374 19378
2 19379 19383
2 19391 19399
2 19407 19409
2 19410 19416
2 19424 19431
2 19438 19441
2 19442 19447
2 19454 19462
2 19469 19477
2 19484 19493
2 19500 19510
2 19517 19527
2 19531 19532
2 19535 19546
2 19552 19568
2 19575 19586
2 19593 19594
2 19602 19608
2 20729 20749
2 20752 20756
2 20778 20781
2 20800 20804
2 20825 20826
2 20827 20856
2 20858 21321
3 5555 5593
3 5673 5693
3 5694 5695
3 5772 5824
3 10660 10832
3 15819 15821
3 15841 15855
3 18383 18385
3 18419 18428
3 18527 18648
3 18649 18650
3 18652 18670
3 19038 19049
3 19059 19060
3 19062 19063
3 19064 19067
3 19069 19070
3 19071 19092
3 19093 19100
3 19106 19108
3 19109 19110
3 19740 19782
3 19819 19820
3 19842 19902
3 20646 20729
3 20749 20752
3 20756 20759
3 20772 20825
3 20826 20827
3 20856 20858
3 20859 20861
3 20921 20922
3 24331 24332
3 24352 24353
3 24354 24355
3 24356 24362
3 24365 24366
3 24367 24463
3 24480 24522
3 24528 24529
3 24530 24531
3 24535 24536
3 24538 24539
3 24564 24565
3 24566 24569
3 24743 24744
3 26501 26673
3 31022 31033
3 31351 31384
3 31651 31653
3 31711 31839
3 32044 32077
3 32096 32102
3 32117 32118
3 32122 32183
3 32201 32251
