0 5402 5762
0 5792 5852
0 5882 5942
0 8312 8372
0 8552 8672
0 8792 8822
0 8942 8972
0 9002 9062
0 9092 9122
0 9182 9212
0 9242 9302
0 9332 9572
0 9602 9932
0 9962 10202
0 10322 10352
0 10382 10412
0 10472 10532
0 10742 10802
0 10862 10892
0 10922 10952
0 11612 11672
0 11702 12002
0 12062 12122
0 12152 12182
0 12212 12302
0 12482 12632
0 12662 12692
0 12722 13172
0 13232 13382
0 13472 13532
0 13562 13592
0 13622 13652
0 13712 13772
0 13892 13922
0 15752 15932
0 16022 16172
0 16922 16952
0 18302 18332
0 18392 18602
0 20732 20792
0 20822 20852
0 20912 20942
0 21002 21092
0 21272 21302
0 22892 22982
0 23102 23132
0 23312 23342
0 24272 24392
0 24452 24482
0 24962 24992
0 25412 25442
0 25952 25982
0 27092 27122
0 27182 27212
0 27242 27302
0 27632 27692
0 27902 27932
0 28022 28142
0 28292 28322
0 28442 28472
0 28532 28622
0 28772 28802
0 28832 28892
0 28952 29012
0 29042 29102
0 29162 29222
0 29252 29312
0 29342 29372
0 29402 29522
0 29642 29702
0 29732 29762
0 29822 29942
0 29972 30062
0 30122 30182
0 30212 30242
0 30272 30302
0 30332 30512
0 30542 30572
0 30602 30692
0 30752 30782
0 30812 30902
0 30932 31472
0 31502 31532
0 31592 32282
1 0 60
1 210 240
1 330 360
1 450 480
1 1530 1560
1 2070 2100
1 2130 2160
1 2970 3000
1 3180 3270
1 3750 3780
1 4050 4260
1 4470 4500
1 5550 5880
1 6060 6120
1 6540 6570
1 6900 6930
1 7380 7410
1 7560 7590
1 7620 7650
1 8010 8040
1 8340 8370
1 8430 8460
1 9360 9480
1 9780 9810
1 10470 10500
1 10560 10590
1 10680 10710
1 10890 10980
1 11100 11130
1 11280 11370
1 11940 11970
1 12090 12120
1 12180 12210
1 12300 12330
1 12510 12600
1 12750 12810
1 12900 13140
1 13200 13320
1 13350 13380
1 13410 13440
1 13470 13500
1 15210 15240
1 15750 15930
1 15960 16020
1 16140 16170
2 1637 1697
2 1817 1847
2 1967 2057
2 2117 2177
2 2357 2387
2 2957 3047
2 3197 3227
2 5147 5177
2 5687 5957
2 6347 6377
2 6407 6467
2 6527 6707
2 7037 7067
2 7127 7187
2 7277 7367
2 7427 7487
2 8027 8117
2 8237 8327
2 8807 8837
2 9107 9137
2 9287 9347
2 10007 10037
2 10067 10097
2 10787 10877
2 11717 11747
2 11807 11867
2 11927 11987
2 12017 12077
2 12137 12227
2 12347 12377
2 12467 12587
2 12737 12797
2 12827 13817
2 13907 13937
2 13967 13997
2 15647 15737
2 15797 15827
2 15887 16097
2 16157 16307
2 16937 16967
2 18347 18407
2 18497 18557
2 18677 18737
2 18857 18887
2 19007 19037
2 19757 19787
2 19967 19997
2 20507 20537
2 20717 20747
2 20867 20987
2 21017 21047
2 21077 21227
2 21257 21347
2 21437 21467
3 5549 5669
3 5729 5759
3 5789 5819
3 8219 8249
3 8339 8369
3 8549 8579
3 8609 8699
3 8729 8759
3 8849 8879
3 8909 8999
3 9029 9059
3 9089 9119
3 9179 9209
3 9239 9329
3 9389 9509
3 9539 9599
3 9629 9749
3 9779 9899
3 9929 10229
3 10319 10409
3 10439 10469
3 10499 10559
3 10589 10619
3 10649 11099
3 11129 11519
3 11549 12089
3 12119 12209
3 12959 12989
3 13289 13499
3 13529 13619
3 13649 13799
3 13829 13889
3 13949 14009
3 14069 14309
3 14369 14549
3 14579 14879
3 14909 14999
3 15059 15119
3 15209 15359
3 15419 15599
3 15779 15959
3 15989 16199
3 16259 16319
3 16349 16469
3 16499 16559
3 16589 16619
3 16649 16679
3 16739 16769
3 16859 16889
3 17039 17069
3 17339 17369
3 17549 17579
3 17849 17879
3 18389 18419
3 18509 18779
3 18809 18869
3 18899 18929
3 19049 19079
3 19109 19199
3 19259 19289
3 19319 19349
3 19499 19559
3 19769 19799
3 19829 20129
3 20249 20279
3 20309 20339
3 20369 20429
3 20579 20639
3 20669 21029
3 21089 21659
3 21689 21719
3 22139 22169
3 22319 22349
3 22949 23009
3 23519 23549
3 23669 23759
3 23819 23849
3 23879 23909
3 23939 24089
3 24119 24149
3 24239 24269
3 24329 24539
3 24569 24629
3 24719 24749
3 24779 24809
3 24929 24959
3 24989 25019
3 25139 25169
3 25409 25469
3 26189 26219
3 26609 26699
3 26729 26759
3 26879 26909
3 26939 26969
3 27059 27089
3 27119 27239
3 28019 28049
3 28139 28169
3 28889 28979
3 29039 29069
3 29099 29159
3 29219 29249
3 29279 29309
3 29339 29369
3 29399 29459
3 29489 29549
3 29609 29699
3 29849 29879
3 29909 29999
3 30059 30089
3 30119 30209
3 30239 30299
3 30329 30359
3 30449 30509
3 30539 30599
3 30659 30689
3 30719 30899
3 30929 30959
3 30989 31109
3 31139 31199
3 31229 31289
3 31319 31499
3 31529 32279
