0 5342 5392
0 5442 5492
0 5542 5592
0 5642 5692
0 5742 5792
0 5842 5892
0 5942 5992
0 6142 6192
0 6542 6592
0 6942 6992
0 7342 7392
0 7442 7492
0 7742 7792
0 8042 8092
0 8142 8192
0 8542 8592
0 8842 8892
0 8942 8992
0 9242 9292
0 9324 9374
0 9524 9574
0 9724 9774
0 9924 9974
0 10124 10174
0 10524 10574
0 10824 10874
0 10924 10974
0 11324 11374
0 11724 11774
0 12124 12174
0 12524 12574
0 12724 12774
0 12924 12974
0 13024 13074
0 13324 13374
0 13724 13774
0 14124 14174
0 14524 14574
0 14924 14974
0 15324 15374
0 15724 15774
0 15824 15874
0 16024 16074
0 16124 16174
0 16424 16474
0 16524 16574
0 16824 16874
0 16924 16974
0 17324 17374
0 17724 17774
0 18124 18174
0 18324 18374
0 18524 18574
0 18924 18974
0 19324 19374
0 19724 19774
0 20124 20174
0 20524 20574
0 20724 20774
0 20824 20874
0 20877 20927
0 20977 21027
0 21077 21127
0 21277 21327
0 21677 21727
0 22077 22127
0 22477 22527
0 22877 22927
0 22977 23027
0 23277 23327
0 23677 23727
0 24077 24127
0 24377 24427
0 24477 24527
0 24877 24927
0 25077 25127
0 25277 25327
0 25677 25727
0 26077 26127
0 26477 26527
0 26877 26927
0 27251 27301
0 27651 27701
0 28051 28101
0 28451 28501
0 28851 28901
0 29251 29301
0 29651 29701
0 30051 30101
0 30451 30501
0 30851 30901
0 31051 31101
0 31251 31301
0 31351 31401
0 31551 31601
0 31651 31701
0 31751 31801
0 32051 32101
0 32151 32201
1 0 25
1 26 75
1 125 175
1 225 275
1 325 375
1 425 475
1 525 575
1 625 675
1 725 775
1 825 875
1 925 975
1 1025 1075
1 1125 1175
1 1225 1275
1 1425 1475
1 1525 1575
1 1625 1675
1 1725 1775
1 1825 1875
1 1925 1975
1 2025 2075
1 2125 2175
1 2225 2275
1 2325 2375
1 2425 2475
1 2525 2575
1 2625 2675
1 2725 2775
1 2825 2875
1 2925 2975
1 3025 3075
1 3125 3175
1 3225 3275
1 3325 3375
1 3525 3575
1 3625 3675
1 3725 3775
1 3825 3875
1 3925 3975
1 4025 4075
1 4125 4175
1 4225 4275
1 4325 4375
1 4425 4475
1 4625 4675
1 4725 4775
1 5025 5075
1 5325 5375
1 5425 5475
1 5525 5575
1 5625 5675
1 5725 5775
1 5825 5875
1 5925 5975
1 6025 6075
1 6125 6175
1 6225 6275
1 6425 6475
1 6525 6575
1 6625 6675
1 6725 6775
1 6925 6975
1 7025 7075
1 7125 7175
1 7225 7275
1 7325 7375
1 7425 7475
1 7525 7575
1 7625 7675
1 7725 7775
1 7825 7875
1 7925 7975
1 8025 8075
1 8125 8175
1 8225 8275
1 8325 8375
1 8425 8475
1 8525 8575
1 8625 8675
1 8725 8775
1 8925 8975
1 9025 9075
1 9125 9175
1 9225 9275
1 9325 9375
1 9425 9475
1 9525 9575
1 9625 9675
1 9725 9775
1 9825 9875
1 10025 10075
1 10125 10175
1 10525 10575
1 10625 10675
1 10725 10775
1 10825 10875
1 10925 10975
1 11025 11075
1 11125 11175
1 11225 11275
1 11325 11375
1 11425 11475
1 11625 11675
1 11825 11875
1 11925 11975
1 12025 12075
1 12125 12175
1 12325 12375
1 12425 12475
1 12525 12575
1 12625 12675
1 12725 12775
1 12825 12875
1 12925 12975
1 13025 13075
1 13125 13175
1 13225 13275
1 13325 13375
1 13425 13475
1 13525 13575
1 13725 13775
1 13825 13875
1 13925 13975
1 14125 14175
1 14225 14275
1 14525 14575
1 14625 14675
1 14725 14775
1 14825 14875
1 14925 14975
1 15125 15175
1 15225 15275
1 15325 15375
1 15525 15575
1 15625 15675
1 15725 15775
1 15825 15875
1 15925 15975
1 16025 16075
1 16225 16275
1 16325 16329
2 1547 1597
2 1647 1697
2 1847 1897
2 1947 1997
2 2047 2097
2 2147 2197
2 2247 2297
2 2347 2397
2 2447 2497
2 2547 2597
2 2747 2797
2 2847 2897
2 2947 2997
2 3047 3097
2 3147 3197
2 3247 3297
2 3347 3348
2 3349 3398
2 3448 3498
2 3648 3698
2 3848 3898
2 3948 3998
2 4148 4198
2 4248 4298
2 4448 4498
2 4548 4598
2 4748 4798
2 4848 4898
2 5048 5098
2 5148 5198
2 5448 5498
2 5548 5598
2 5648 5698
2 5748 5798
2 5848 5898
2 5948 5998
2 6048 6098
2 6248 6298
2 6348 6398
2 6448 6498
2 6548 6598
2 6648 6698
2 6948 6998
2 7148 7198
2 7248 7298
2 7348 7398
2 7448 7498
2 7548 7598
2 7648 7698
2 7848 7898
2 7948 7998
2 8048 8098
2 8148 8198
2 8248 8298
2 8448 8498
2 8548 8598
2 8648 8698
2 8748 8798
2 8948 8998
2 9048 9098
2 9148 9198
2 9248 9298
2 9348 9398
2 9648 9698
2 9948 9998
2 10148 10198
2 10248 10298
2 10548 10598
2 10848 10898
2 11148 11198
2 11448 11498
2 11648 11698
2 11748 11798
2 12048 12098
2 12348 12398
2 12448 12498
2 12548 12598
2 12648 12698
2 12748 12798
2 12848 12898
2 12948 12998
2 13048 13098
2 13111 13161
2 13181 13231
2 13281 13331
2 13481 13531
2 13581 13631
2 13781 13831
2 13981 14031
2 14281 14331
2 14481 14531
2 14681 14731
2 14881 14931
2 15081 15131
2 15181 15231
2 15481 15531
2 15681 15731
2 15781 15831
2 15881 15931
2 15981 16031
2 16081 16131
2 16181 16231
2 16281 16331
2 16381 16431
2 16581 16631
2 16781 16831
2 16881 16931
2 16981 17031
2 17181 17231
2 17281 17331
2 17681 17731
2 17981 18031
2 18081 18131
2 18181 18231
2 18381 18431
2 18481 18531
2 18681 18700
2 18800 18850
2 19100 19150
2 19400 19450
2 19600 19650
2 19800 19850
2 20000 20050
2 20200 20250
2 20400 20450
2 20500 20550
2 20600 20650
2 20700 20750
2 20800 20850
2 20900 20950
2 21000 21050
2 21100 21144
2 21145 21194
2 21244 21294
2 21344 21394
2 21544 21594
2 21844 21894
2 21944 21994
3 5339 5389
3 5439 5489
3 5539 5589
3 5639 5689
3 5739 5789
3 5839 5889
3 5939 5989
3 6139 6189
3 6239 6289
3 6539 6589
3 6839 6889
3 7139 7189
3 7339 7389
3 7439 7489
3 7739 7789
3 8039 8089
3 8239 8289
3 8339 8389
3 8539 8589
3 8639 8689
3 8939 8989
3 9239 9289
3 9439 9489
3 9539 9589
3 9739 9789
3 9839 9889
3 10039 10089
3 10139 10189
3 10439 10489
3 10639 10689
3 10739 10789
3 10939 10989
3 11039 11089
3 11239 11289
3 11339 11389
3 11639 11689
3 11839 11889
3 11939 11989
3 12239 12289
3 12439 12489
3 12539 12589
3 12739 12789
3 12839 12889
3 12939 12989
3 13139 13189
3 13439 13489
3 13739 13789
3 14039 14089
3 14239 14289
3 14339 14389
3 14639 14689
3 14839 14889
3 14939 14989
3 15239 15289
3 15539 15589
3 15739 15789
3 15839 15889
3 16039 16089
3 16139 16189
3 16439 16489
3 16639 16689
3 16739 16789
3 17039 17089
3 17339 17389
3 17639 17689
3 17939 17989
3 18239 18289
3 18439 18489
3 18539 18589
3 18739 18789
3 18839 18889
3 19139 19189
3 19339 19389
3 19439 19489
3 19639 19689
3 19739 19789
3 20039 20089
3 20239 20289
3 20339 20389
3 20539 20589
3 20639 20689
3 20739 20789
3 20839 20889
3 20939 20989
3 21039 21089
3 21239 21289
3 21539 21589
3 21839 21889
3 22139 22189
3 22339 22389
3 22439 22489
3 22739 22789
3 22939 22989
3 23039 23089
3 23339 23389
3 23639 23689
3 23939 23989
3 24239 24289
3 24339 24389
3 24439 24489
3 24539 24589
3 24739 24789
3 24839 24889
3 25039 25089
3 25139 25189
3 25439 25489
3 25739 25789
3 26039 26089
3 26239 26289
3 26339 26389
3 26539 26589
3 26639 26689
3 26939 26989
3 27239 27289
3 27539 27589
3 27839 27889
3 28039 28089
3 28139 28189
3 28439 28489
3 28739 28789
3 28939 28989
3 29039 29089
3 29339 29389
3 29639 29689
3 29939 29989
3 30239 30289
3 30439 30489
3 30539 30589
3 30839 30889
3 31039 31089
3 31139 31189
3 31339 31389
3 31439 31489
3 31639 31689
3 31739 31789
3 31839 31889
3 32039 32089
3 32139 32189
3 32239 32287
