# Lin enter the room
0 717 802
1 806 849
2 573 849
4 720 788
5 811 849
11 229 581
12 331 609
14 323 558
15 63 293
16 685 782
17 557 780
18 750 879

# Lin sit down
1 850 1004
2 850 922
5 850 1002

# Lai enter the room
0 1742 1960
2 1527 1922
4 1745 1922
11 1256 1530
12 1351 1557
14 1350 1522
15 1174 1340
16 1692 1922
17 1513 1922

# Lai sit down
0 1923 1960
2 1923 2026
4 1923 2026
16 1923 2026
17 1922 2026

# Lai take his notebook
2 2164 2456
4 2164 2271

# Lai stand up and walk to the door
0 3959 4031
2 3942 4108
4 3955 4097
16 3951 4089
17 3951 4176

# Chen take the package in
11 3511 4250
12 3697 3919
14 3669 3940
15 3381 3647

# Lai take the package from Chen
2 4159 4708
12 4201 4249
17 4177 4628

# Chen go out
11 4629 5022
12 4634 4829
14 4665 4828
15 4972 5232

# Lai carry the package
0 4709 4806
2 4709 4830
3 4699 4742
4 4750 4785
16 4679 4769
17 4629 4767
18 4742 4850

# Lai put the package
1 4831 4880
2 4831 4880
5 4831 4864

# Lai watch Lin's computer
1 4986 5145
2 4986 5145
5 5015 5161

# Lai walk back to the sit
0 5164 5219
1 5146 5185
2 5146 5219
16 5199 5219
17 5182 5219
18 5125 5239

# Lai sit down
0 5220 5280
2 5220 5280
4 5220 5280
16 5220 5280
17 5220 5280

# Lai open the door for Zeng
2 7484 7734
4 7502 7817
16 7505 7783
17 7505 7776

# Lin stand up
1 7634 7752
2 7634 7752
5 7653 7752

# Zeng work in
11 7097 7500
12 7250 7693
14 7267 7456
15 6953 7194

# Lin walk to Zeng and go out
0 7789 7912
1 7753 8000
2 7753 8094
3 7864 7957
4 7820 8007
5 7753 7790
12 8026 8210
16 7832 7993
17 7783 8143
18 7752 7864

# Lai go out
2 8785 9005
4 8772 8947
11 8916 9172
12 8986 9114
14 9022 9125
15 9173 9303
16 8765 8930
17 8763 8924

# Lin and Zheg talking outside
7 9853 10516
7 10889 11299
8 10579 10753
9 9750 11500
10 8124 9747
10 11371 12055
11 8063 12020
12 8211 9607
12 11490 12020

# Ou walk in the room
2 10131 10390
4 10250 10414
11 9831 10250
12 10000 10185
14 10000 10161
15 9720 9922
16 10276 10390
17 10155 10390

# Ou takes the computer
2 10391 10503
16 10391 10580
17 10390 10584

# Ou go out
2 10504 10598
4 10479 10571
11 10573 11000
12 10564 10679
14 10623 10747
15 10792 11103
16 10504 10555

# Lai walk in/out
2 11759 12023
4 11834 11992
11 11513 11813
12 11658 11803
14 11637 11793
15 11428 11600
16 11839 11972
17 11785 12020

# Lai talk to Lin and Zhen
11 12021 12420
12 12020 12420

# Lin and Zhen seek for Ou
6 12885 12898
7 12755 12885
8 12874 12899
9 12732 12895
10 12415 12716
11 12420 12899
12 12420 12750

# Lai seek for Ou
11 12420 12899
12 12420 12521
14 12416 12560