10 11662
14 1451
17 4513
2 7821
10 7702
7 10173
15 7142
17 1799
5 6294
4 3966
5 6187
4 1912
1 5940
9 9981
15 9858
14 4080
5 7702
12 12152
12 11720
12 9485
17 4397
1 4884
16 8977
16 1961
16 1764
5 5085
10 710
16 7771
15 1286
12 7646
6 10586
11 9855
16 7693
8 10679
17 7663
1 970
12 9524
18 5209
17 7785
12 8991
4 10536
15 3492
18 984
11 3757
11 12492
1 5731
10 11533
16 10379
17 4241
9 10049
2 7560
14 4762
2 5038
17 10564
10 8976
10 9106
5 4977
1 7869
17 10342
18 4140
17 8868
5 7856
4 2386
4 3996
2 1637
12 12020
16 2386
12 11566
1 6378
15 11065
7 10336
17 4709
16 4125
0 4001
10 8691
12 4119
2 954
