13 5071
6 2808
9 1163
17 5227
9 3685
5 3859
15 9866
7 7484
11 132
17 8457
3 5759
1 2291
18 5816
16 1377
12 3389
15 12866
16 8849
2 6943
2 3825
16 5047
16 5182
7 4302
3 5062
4 8140
13 8350
11 2467
12 4093
14 6403
6 4249
17 12270
6 8689
5 12294
2 1474
0 9419
13 6448
12 6216
16 9871
15 9010
5 2096
15 1562
17 9698
6 1774
4 3158
3 9882
4 8650
5 2421
17 2918
1 1901
3 1606
5 1748
11 9888
15 7489
14 3773
14 509
10 8510
3 9363
18 9597
13 7876
2 12511
1 12574
13 280
14 67
7 3810
14 3483
9 9283
9 10857
6 12802
17 4761
4 6642
8 12509
12 9334
18 933
2 6543
12 4004
5 7918
1 12697
2 9912
14 1512
15 7472
8 2063
7 12103
4 1616
15 2649
17 1606
12 717
11 2975
4 154
3 767
9 9129
3 2066
15 11483
17 2876
2 7697
1 10610
12 239
13 8448
10 5509
4 11268
1 11120
7 7726
