5 10385
1 5714
18 2107
11 1341
18 3864
15 6736
18 4567
3 3470
8 12465
11 5687
1 11392
5 4500
17 6904
3 11088
13 11460
10 12279
13 6832
7 1045
4 4795
7 1489
16 745
10 5713
9 7595
14 9232
14 11227
14 5145
5 5542
13 5698
17 6476
12 2927
11 1244
16 10918
14 5053
13 2249
8 3872
1 2273
17 6347
13 7922
14 11335
11 442
12 11187
9 11532
10 6647
6 9316
1 7305
16 4816
14 1952
5 6633
17 11830
17 4727
5 4529
2 5118
1 4653
0 12403
3 12588
9 1303
6 12370
12 12352
4 12667
12 4633
1 9689
9 3524
18 9604
16 3255
12 2240
3 716
14 5612
3 5286
12 9733
6 1956
