0 0
1 184
2 368
3 552
4 736
5 920
6 1104
7 1288
8 1472
9 1656
10 1840
11 2024
12 2208
13 2392
14 2576
15 2760
16 2944
17 3128
18 3312
0 3496
1 3680
2 3864
3 4048
4 4232
5 4416
6 4600
7 4784
8 4968
9 5152
10 5336
11 5520
12 5704
13 5888
14 6072
15 6256
16 6440
17 6624
18 6808
0 6992
1 7176
2 7360
3 7544
4 7728
5 7912
6 8096
7 8280
8 8464
9 8648
10 8832
11 9016
12 9200
13 9384
14 9568
15 9752
16 9936
17 10120
18 10304
0 10488
1 10672
2 10856
3 11040
4 11224
5 11408
6 11592
7 11776
8 11960
9 12144
10 12328
11 12512
12 12696
13 12880
