0 749
0 765
0 4756
0 5214
0 7812
0 7829
0 7862
1 821
1 863
1 4817
1 4964
1 4999
1 5169
1 7790
2 4808
2 7732
3 722
3 739
3 4715
3 7897
3 8890
4 760
4 4749
4 7830
5 830
5 848
5 898
5 4838
5 4999
5 5136
5 7749
5 7768
7 10999
7 12850
8 12882
9 12749
9 12795
10 8282
10 8300
10 11903
10 12481
10 12499
10 12516
11 347
11 1345
11 9106
11 9126
11 10721
11 10737
11 11600
11 12528
11 12554
12 8499
14 509
14 532
14 1499
14 3900
14 3921
14 4696
14 4714
14 9034
14 10650
14 11757
14 11774
14 12499
15 249
15 1319
15 3628
15 4999
15 9196
15 11570
16 712
16 749
16 1721
16 4065
16 4698
16 4715
16 4749
16 7868
16 7895
16 8905
16 10532
