0 780
0 1825
0 4720
0 4782
0 5187
0 7814
1 819
1 4808
1 4859
1 5167
1 7746
2 833
2 1969
2 4123
2 4741
2 7934
3 726
3 4026
3 4707
3 4721
3 7884
4 741
4 1748
4 4120
4 4731
4 7609
4 7805
4 7949
5 870
5 4829
5 5011
7 10196
7 10433
7 10926
7 11092
7 12820
9 9802
9 9978
9 11151
9 11248
9 12751
10 736
10 4157
10 7680
10 8148
10 8245
10 8309
10 8461
10 9353
10 11570
10 11666
10 11888
10 12451
10 12509
10 12557
10 12640
11 1403
11 3586
11 3712
11 3806
11 3861
11 4789
11 7141
11 7249
11 9042
11 9975
11 10646
11 11524
11 12008
12 583
12 638
12 7547
12 8023
12 8134
12 8298
12 8488
12 8812
12 9033
12 9432
12 11556
12 11679
12 11770
12 11920
12 12508
14 454
14 547
14 1436
14 1512
14 3740
14 3857
14 3913
14 4683
14 4764
14 7277
14 7342
14 7428
14 9022
14 9064
14 10064
14 10632
14 11643
14 11732
14 11764
14 12456
14 12503
15 220
15 1255
15 1333
15 3505
15 3603
15 3635
15 4993
15 5106
15 7089
15 9176
15 9256
15 9811
15 10802
15 11499
16 771
16 1752
16 4074
16 4690
16 5242
16 7556
16 7849
16 7932
16 8893
16 10366
17 630
17 4081
17 4476
17 7530
17 7710
17 8904
17 10280
17 11944
18 7803