10 11662
14 1451
17 4513
2 7546
10 7702
7 10949
18 398
17 1799
5 6247
4 2278
5 6155
4 1912
9 11209
9 9954
14 10087
14 4080
5 7698
12 8146
12 11721
12 9485
17 4397
1 5023
16 8977
16 1962
16 1747
5 5040
10 710
16 7771
15 1286
12 7646
6 10590
11 10042
16 7591
8 10679
17 7663
1 1697
12 12592
18 5209
17 7785
12 9038
17 582
15 5135
18 956
11 3765
11 12492
14 7401
10 11533
4 10453
17 4241
9 10049
2 7560
14 4762
2 5038
2 10491
10 8976
10 9106
5 4850
1 7869
17 10266
18 4140
17 4031
5 7856
4 2201
4 3995
17 11968
12 12140
16 2458
12 11566
1 6378
16 10331
10 11617
2 1704
16 4125
0 4001
10 8691
12 4119
2 957
15 10891
1 5747
5 5144
11 9863
15 5059
2 10361
17 4629
11 353
4 4152
5 918
1 5217
12 12062
10 11945
