10 11644
18 7826
2 7981
2 7821
10 7702
7 10336
15 7142
17 1799
5 6328
4 8803
5 6155
4 1912
10 8562
9 9963
14 10087
14 4080
5 1618
12 8146
12 11721
12 9485
17 4661
1 5023
16 8977
16 1962
16 1764
5 5040
10 710
16 4739
15 1286
12 7646
7 10233
11 10042
16 7577
8 10679
17 7663
1 1697
12 9524
18 5209
17 7730
12 8991
17 581
15 5135
18 956
11 3765
11 12492
14 7401
10 11533
4 10453
6 10788
9 10050
2 7660
14 4762
2 5038
2 10491
10 8976
10 9106
5 4850
1 7869
17 10341
18 4140
17 8868
5 7856
4 2183
4 3993
2 1637
12 12140
16 2464
12 11566
1 6378
16 10331
10 11780
17 4709
16 4125
0 4001
10 8691
12 4119
2 957
15 10891
1 5747
5 5144
11 9863
15 5059
2 10371
4 10290
2 7897
4 1589
5 6895
1 5217
12 12062
6 10740
5 5633
17 4379
12 11782
17 4482
17 4275
5 1004
9 10180
5 5783
14 1451
4 2464
