0 5213
0 7852
0 1864
0 7526
0 3988
1 5747
1 6257
1 4884
1 7869
1 965
2 4126
2 1777
2 7981
2 10407
2 7710
3 7883
3 738
3 7902
3 4036
3 4715
4 3997
4 2516
4 2208
4 1917
4 7856
5 5783
5 7669
5 6294
5 5140
5 7848
6 10565
6 10737
6 10793
6 10623
6 10690
7 9963
7 10505
7 10166
7 10378
7 10249
8 10681
8 10661
8 12899
8 10737
8 12891
9 10271
9 11197
9 9799
9 10049
9 10071
10 8531
10 7656
10 9165
10 11788
10 9270
11 9043
11 12079
11 10704
11 11599
11 7127
12 11585
12 8617
12 7646
12 12028
12 9136
14 4028
14 4769
14 7404
14 10076
14 11716
15 5148
15 11067
15 11540
15 11569
15 3498
16 10496
16 7654
16 2416
16 8930
16 5245
17 1800
17 7740
17 4159
17 610
17 10564
18 1882
18 4138
18 912
18 7811
18 398
