0 0
1 129
2 258
3 387
4 516
5 645
6 774
7 903
8 1032
9 1161
10 1290
11 1419
12 1548
13 1677
14 1806
15 1935
16 2064
17 2193
18 2322
0 2451
1 2580
2 2709
3 2838
4 2967
5 3096
6 3225
7 3354
8 3483
9 3612
10 3741
11 3870
12 3999
13 4128
14 4257
15 4386
16 4515
17 4644
18 4773
0 4902
1 5031
2 5160
3 5289
4 5418
5 5547
6 5676
7 5805
8 5934
9 6063
10 6192
11 6321
12 6450
13 6579
14 6708
15 6837
16 6966
17 7095
18 7224
0 7353
1 7482
2 7611
3 7740
4 7869
5 7998
6 8127
7 8256
8 8385
9 8514
10 8643
11 8772
12 8901
13 9030
14 9159
15 9288
16 9417
17 9546
18 9675
0 9804
1 9933
2 10062
3 10191
4 10320
5 10449
6 10578
7 10707
8 10836
9 10965
10 11094
11 11223
12 11352
13 11481
14 11610
15 11739
16 11868
17 11997
18 12126
0 12255
1 12384
2 12513
3 12642
4 12771
