0 5213
0 7852
0 1864
0 4001
1 5210
1 5820
1 7785
1 4994
2 7664
2 7525
2 10379
2 1777
3 7895
3 4736
3 4031
3 4706
4 1917
4 4152
4 2385
4 3995
5 5140
5 7687
5 6294
5 6421
6 10707
6 10788
6 10565
6 10635
7 10080
7 10378
7 9982
7 10249
8 10737
8 10707
8 12895
8 10663
9 9800
9 10050
9 9981
9 10258
10 9165
10 7656
10 11979
10 11615
11 11603
11 7136
11 12077
11 10704
12 12152
12 8624
12 7646
12 11585
14 11716
14 10065
14 4769
14 4028
15 3438
15 9873
15 7055
15 9205
16 2485
16 1944
16 10496
16 8930
17 10559
17 7588
17 4157
17 1800
18 806
18 4138
18 940
18 5209
