0 0
1 148
2 296
0 444
1 592
2 740
0 888
1 1036
2 1184
0 1332
1 1480
2 1628
0 1776
1 1924
2 2072
0 2220
1 2368
2 2516
0 2664
1 2812
2 2960
0 3108
1 3256
2 3404
0 3552
1 3700
2 3848
0 3996
1 4144
2 4292
0 4440
1 4588
2 4736
0 4884
1 5032
2 5180
0 5328
1 5476
2 5624
0 5772
1 5920
2 6068
0 6216
1 6364
2 6512
0 6660
1 6808
2 6956
0 7104
1 7252
2 7400
0 7548
1 7696
2 7844
0 7992
1 8140
2 8288
0 8436
1 8584
2 8732
0 8880
1 9028
2 9176
0 9324
1 9472
2 9620
0 9768
1 9916
2 10064
0 10212
1 10360
2 10508
0 10656
1 10804
2 10952
0 11100
1 11248
2 11396
0 11544
1 11692
2 11840
0 11988
1 12136
2 12284
0 12432
1 12580
2 12728
0 12876
1 13024
2 13172
0 13320
1 13468
2 13616
0 13764
1 13912
2 14060
0 14208
1 14356
2 14504
0 14652
1 14800
