0 315
0 2473
0 11691
0 3299
0 3971
0 14421
0 597
0 13047
0 5289
0 8463
0 1412
0 9227
0 10943
0 4888
0 3645
0 5497
0 8919
0 14513
0 10251
0 8527
0 7037
0 670
0 12459
1 10625
1 2021
1 4179
1 9279
1 8556
1 4794
1 7189
1 1179
1 14119
1 12843
1 4208
1 10222
1 11795
1 49
1 11481
1 13134
1 6877
1 7805
1 12430
1 13651
1 658
1 10488
1 4518
2 5175
2 10438
2 55
2 3696
2 13664
2 7866
2 10191
2 11790
2 12596
2 14413
2 2978
2 13088
2 5303
2 12336
2 8486
2 13272
2 4574
2 11197
2 2806
2 8490
2 596
2 9031
2 10421
