0 469
0 2473
0 11691
0 3329
0 3983
0 14427
0 597
0 13119
0 3746
0 8463
0 1412
0 9216
0 10943
0 4310
0 3645
0 5497
0 8920
0 14481
0 10251
0 8527
0 7037
0 670
0 7341
0 2214
0 153
0 4816
0 3265
0 13289
0 13607
0 9144
0 14541
0 13328
0 3073
1 3336
1 5843
1 12524
1 1987
1 2739
1 2543
1 14034
1 1179
1 12843
1 10494
1 49
1 4179
1 4208
1 10581
1 5170
1 4811
1 13978
1 14156
1 10173
1 11481
1 11690
1 6871
1 4468
1 8520
1 7888
1 10331
1 11795
1 2812
1 13651
1 12152
1 10263
1 13166
1 7201
2 9323
2 4585
2 10436
2 10191
2 214
2 14413
2 7228
2 13272
2 1217
2 117
2 2759
2 10541
2 7930
2 4719
2 667
2 5149
2 13664
2 11790
2 2978
2 11201
2 2820
2 7866
2 14393
2 4773
2 7280
2 4031
2 7015
2 2109
2 14257
2 3305
2 8487
2 11435
2 5019
