1 13716
2 14730
1 2812
2 10040
2 2426
0 14153
0 1596
2 13334
2 5377
2 8794
2 2249
1 14076
2 5684
1 8521
2 14703
1 14281
2 3584
1 14427
0 13890
2 909
2 5136
2 11175
1 8219
0 13377
2 1206
1 11907
2 11620
2 10445
0 10909
0 2122
1 7439
2 5802
2 3205
1 5557
1 8271
0 8599
1 1047
1 7014
1 14678
2 9386
2 13519
0 1990
0 9930
2 5511
0 803
1 4987
0 6830
2 1710
1 7936
0 12956
1 8395
2 2335
1 13769
2 677
0 6090
0 6774
0 7239
0 5846
2 2286
2 6917
1 4845
0 4161
1 13615
2 7703
2 14699
1 6995
0 1971
1 12693
0 197
0 12000
