1 8954
2 3942
2 3991
1 10646
0 6960
0 8751
2 8930
0 4055
0 4784
2 10346
1 10602
1 134
2 13855
2 5810
1 3388
0 573
2 14356
2 3184
2 13044
2 6608
2 1819
1 10123
0 798
2 9308
2 10941
1 10760
2 2584
0 4389
2 3747
2 13558
1 6620
0 10244
1 11023
2 2690
0 1306
1 1008
2 6859
2 1214
2 8645
2 9467
1 1149
1 7365
1 11983
0 10975
1 4008
1 7524
1 14099
1 10778
1 3087
1 12505
1 11471
2 7263
0 9999
1 7867
0 1631
2 5392
2 4455
2 10154
0 4811
2 572
1 6393
0 12904
0 710
0 11107
0 1519
2 5686
0 10184
2 14810
0 3397
0 1294
2 8486
1 4829
2 10238
2 12925
2 946
2 14683
0 10247
2 11252
0 11601
0 13902
1 10511
0 7262
2 6115
1 1832
0 4714
0 10325
0 5947
0 3494
2 10922
2 123
2 10490
2 2024
1 8982
2 14498
2 8069
1 1237
0 1982
2 13520
2 13469
2 13127
