0 14463
2 4382
1 2596
2 12762
1 2525
1 12850
0 5455
2 7015
1 4208
0 5909
0 6203
2 13664
2 7873
1 656
1 14214
1 566
0 13607
2 13283
1 478
0 7953
0 5214
2 2109
2 12330
1 13134
2 5176
0 3033
1 12640
2 12894
2 2762
1 12085
2 14410
2 214
2 9272
1 8520
1 6857
1 13052
0 10251
1 10331
2 10191
2 3006
0 11785
0 2115
1 12245
1 7201
1 10222
1 10488
1 4735
1 13966
0 13123
0 3645
2 13088
1 11787
1 5910
2 11790
1 5225
0 3983
1 215
1 14099
1 13651
2 4632
2 11202
2 7930
1 2812
1 6814
0 7341
0 14391
0 14310
1 11481
0 10492
1 133
1 11624
1 10636
2 4723
0 202
1 2697
1 10802
1 1987
0 8587
0 2573
0 9216
0 1407
2 667
0 9144
2 117
2 14243
0 7187
0 9465
1 11690
1 7888
1 7061
1 4814
0 4165
2 3267
0 8554
1 4504
0 7877
0 8594
0 13387
1 14034
2 1225
