0 0
1 212
2 424
0 636
1 848
2 1060
0 1272
1 1484
2 1696
0 1908
1 2120
2 2332
0 2544
1 2756
2 2968
0 3180
1 3392
2 3604
0 3816
1 4028
2 4240
0 4452
1 4664
2 4876
0 5088
1 5300
2 5512
0 5724
1 5936
2 6148
0 6360
1 6572
2 6784
0 6996
1 7208
2 7420
0 7632
1 7844
2 8056
0 8268
1 8480
2 8692
0 8904
1 9116
2 9328
0 9540
1 9752
2 9964
0 10176
1 10388
2 10600
0 10812
1 11024
2 11236
0 11448
1 11660
2 11872
0 12084
1 12296
2 12508
0 12720
1 12932
2 13144
0 13356
1 13568
2 13780
0 13992
1 14204
2 14416
0 14628
1 14840
