0 14481
2 4269
1 2021
2 5303
1 7804
1 12843
0 9227
2 7015
1 4208
0 8527
0 393
2 13664
0 2473
1 10605
1 14230
1 570
0 13607
2 13283
1 318
0 688
0 5289
0 2657
2 12336
1 13134
2 5184
0 3033
1 7890
2 12894
2 2764
1 4511
2 14410
2 644
2 9270
1 8520
1 6857
1 2739
0 10251
1 10331
2 10191
2 3006
0 11691
2 191
1 12430
1 7201
1 10222
1 10488
1 4794
1 13966
0 10577
0 2319
2 13088
1 11785
1 587
2 11790
1 5225
0 3970
1 215
1 14108
1 13651
2 4630
2 11202
2 7963
1 2812
1 6814
0 4888
0 14427
2 14243
1 11481
0 10492
1 133
