0 556
0 574
0 599
0 675
0 1304
0 1352
0 2172
0 2508
0 2699
0 2755
0 2802
0 2999
0 3309
0 3357
0 3454
0 3657
0 3680
0 4335
0 4980
0 5920
0 5959
0 6007
0 7236
0 7272
0 7308
0 7350
0 7702
0 7728
0 7818
0 7920
0 7958
0 7984
0 8010
0 8519
0 8565
0 8984
0 9007
0 9163
0 9360
0 9440
0 9484
0 10268
0 10450
0 10625
0 10662
0 10917
0 10977
0 11538
0 11699
0 11717
0 12742
0 12768
0 12882
0 12914
0 13027
0 13276
0 13988
0 14172
0 14266
0 14306
1 24
1 46
1 102
1 137
1 202
1 248
1 275
1 313
1 332
1 5855
1 5886
1 7608
1 7699
1 7794
1 10334
1 12899
1 14203
2 570
2 630
2 1278
2 1313
2 2171
2 2647
2 2700
2 2730
2 2750
2 3250
2 3280
2 3300
2 3643
2 3659
2 3760
2 4060
2 5429
2 5450
2 5890
2 5924
2 5953
2 7003
2 7233
2 7255
2 7290
2 7320
2 7682
2 7782
2 7800
2 7876
2 8438
2 8480
2 8540
2 10420
2 10453
2 10614
2 10881
2 12964
2 13034
2 14270
