0 5755
0 20759
0 5710
0 31030
0 7410
0 32085
0 5627
0 9344
0 15807
0 12982
0 22974
0 20884
0 5478
0 20800
0 24385
0 24955
0 5793
0 31697
0 5516
0 15857
0 5562
0 5536
0 32048
0 24360
0 5673
1 10737
1 5805
1 5606
1 3224
1 84
1 10484
1 15856
1 9109
1 5663
1 2007
1 9338
1 1517
1 15808
1 15909
1 3637
1 329
1 4105
1 12572
1 157
1 271
1 4066
1 2079
1 1541
1 15670
1 402
2 21039
2 7395
2 18095
2 6635
2 1970
2 20934
2 7337
2 13066
2 20887
2 2183
2 15951
2 2137
2 12847
2 13184
2 12864
2 12538
2 3149
2 20753
2 5602
2 6495
2 6353
2 8113
2 8163
2 20784
2 5700
3 5601
3 32087
3 5555
3 5632
3 20958
3 24334
3 24420
3 21014
3 20727
3 20790
3 31749
3 31714
3 32081
3 31781
3 15845
3 32044
3 24369
3 31690
3 20768
3 31664
3 32107
3 5658
3 5674
3 5686
3 5535
