3 14450
2 3433
1 14858
1 14536
0 15976
3 27875
2 10203
3 8470
3 21882
1 10711
1 1893
0 26560
2 19517
3 15035
2 9136
0 24773
2 5142
1 2092
0 9094
3 20473
3 26135
0 22989
3 30564
1 2888
1 4677
0 30427
2 15723
1 16120
1 9759
2 20178
0 11184
3 17269
1 16272
1 8585
0 25740
0 11636
1 13174
3 25456
1 752
3 20915
1 2329
3 19141
1 13194
3 29232
3 20683
1 8184
0 31066
0 9172
3 20276
1 8089
0 23639
0 5674
2 13890
2 7774
0 31585
3 20039
0 25946
2 6006
0 10850
2 20848
0 11967
2 14510
3 10156
1 8981
2 9173
0 11751
1 3168
2 13156
1 13167
0 29125
1 1394
2 21028
1 8706
0 23953
1 2909
1 11266
1 3436
2 17909
3 32235
1 8864
3 13792
2 19197
1 12391
3 26758
3 15354
2 9373
0 23226
1 9164
3 29560
2 11246
0 10814
1 5946
3 12010
0 27525
3 21398
0 16545
0 19102
3 10446
0 12926
0 32034
