0 24955
1 11280
2 2170
2 20753
2 1964
2 12527
0 13000
2 5773
3 5583
0 24333
1 4089
2 7391
2 18098
2 6360
2 12539
2 13013
1 329
3 24420
1 4070
2 6493
2 20934
1 5743
2 12844
2 12864
3 20953
1 153
2 20772
2 15894
2 13171
2 5594
1 1989
2 8163
2 15701
1 9356
1 10584
0 5562
2 2184
0 15819
3 5647
2 13067
0 20759
1 442
0 5471
1 15856
1 5680
1 10737
0 5583
0 32048
2 21285
1 5805
0 15867
2 13090
1 15910
0 9344
1 12544
1 13041
1 271
0 7401
3 20781
3 20742
3 21014
1 7420
0 24360
2 16208
2 20983
0 5632
2 15944
2 6429
0 5810
2 20875
3 24376
2 5704
2 6593
2 3154
1 9323
3 24350
2 6398
2 13186
0 5753
1 84
0 5530
3 5567
0 20884
2 7410
1 15670
2 5873
2 6509
0 5693
2 7220
0 31699
1 9109
0 20803
2 21143
0 31067
