3 21646
2 12428
3 31730
2 13851
3 19833
3 13603
0 28185
3 15453
0 9677
0 15859
2 18802
0 11348
1 5103
2 13333
2 5694
1 8745
0 28831
3 21393
0 26637
2 5345
3 18852
3 17255
3 29841
2 4526
2 18552
3 9400
2 4127
0 26930
0 7176
3 6952
0 19960
1 1930
2 7990
2 10855
3 22938
2 9434
2 15402
3 5855
1 7582
2 8528
2 15840
3 14641
1 503
1 10783
2 3309
3 28276
0 12839
2 5111
2 10280
0 27827
1 11980
2 16510
0 14594
2 21750
3 5489
3 30601
3 29647
3 14930
2 5279
1 1213
0 9837
0 23467
1 1458
2 7180
0 26105
1 12588
3 23018
0 19487
1 13989
3 21408
0 15016
2 15940
3 18377
2 15836
3 7213
1 10142
3 23073
2 11869
1 14840
1 11261
3 15249
2 6710
1 3679
2 10120
2 17398
0 20606
0 16263
1 10228
2 18805
3 13782
1 8818
2 8243
2 5314
1 11187
