0 5755
0 20759
0 5709
0 24361
0 7410
0 32085
0 5632
0 9344
0 15807
0 31733
0 22948
0 20884
0 5478
0 20800
0 24381
0 24955
0 5793
0 31697
0 5522
0 15857
1 447
1 5804
1 4093
1 6730
1 5663
1 9338
1 15891
1 12544
1 157
1 3637
1 10737
1 47
1 12783
1 329
1 7388
1 4209
1 122
1 15808
1 5566
1 5723
2 2182
2 20933
2 12501
2 1972
2 8119
2 12538
2 7337
2 5705
2 13181
2 15950
2 15681
2 3149
2 6635
2 8163
2 12844
2 20729
2 6362
2 7395
2 2157
2 6418
3 20960
3 31664
3 5683
3 32084
3 24380
3 24420
3 20727
3 20781
3 15845
3 5608
3 31714
3 5546
3 5554
3 5647
3 32051
3 21014
3 31767
3 24343
3 24369
3 32110
