1 0
1 286
1 572
1 858
1 1144
1 1430
2 1716
1 2002
2 2288
1 2574
2 2860
1 3146
2 3432
1 3718
2 4004
1 4290
2 4576
1 4862
2 5148
3 5434
0 5720
1 6006
2 6292
3 6578
0 6864
1 7150
2 7436
3 7722
0 8008
1 8294
2 8580
3 8866
0 9152
1 9438
2 9724
3 10010
0 10296
1 10582
2 10868
3 11154
0 11440
1 11726
2 12012
3 12298
0 12584
1 12870
2 13156
3 13442
0 13728
1 14014
2 14300
3 14586
0 14872
1 15158
2 15444
3 15730
0 16016
1 16302
2 16588
3 16874
0 17160
2 17446
3 17732
0 18018
2 18304
3 18590
0 18876
2 19162
3 19448
0 19734
2 20020
3 20306
0 20592
2 20878
3 21164
0 21450
2 21736
3 22022
0 22308
3 22594
0 22880
3 23166
0 23452
3 23738
0 24024
3 24310
0 24596
3 24882
0 25168
3 25454
0 25740
3 26026
0 26312
3 26598
0 26884
