0 5441
0 5507
0 5527
0 5592
0 5684
0 5732
0 5775
0 20765
0 24320
0 31331
0 31711
0 32073
0 32111
1 31
1 47
1 72
1 116
1 311
1 576
1 1518
1 1566
1 2487
1 3209
1 3241
1 3266
1 4082
1 4227
1 4287
1 4622
1 5005
1 5588
1 5610
1 5632
1 5723
1 6399
1 8016
1 9234
1 12268
1 15780
1 15840
2 1964
2 2038
2 2165
2 2975
2 3005
2 3025
2 3046
2 5665
2 5699
2 5735
2 5764
2 5783
2 5805
2 5917
2 5943
2 6332
2 6363
2 6397
2 6516
2 6548
2 6564
2 6587
2 6629
2 6646
2 7124
2 7172
2 7203
2 7246
2 7270
2 7291
2 7340
2 7366
2 7394
2 7483
2 7546
2 8029
2 8077
2 8128
2 8146
2 8569
2 9290
2 9346
2 12494
2 12523
2 12567
2 12646
2 12868
2 13001
2 13060
2 13109
2 13157
2 15684
2 15715
2 15897
2 16197
2 16323
2 16917
2 18070
2 20728
2 20755
2 20840
2 20865
2 20885
2 20911
2 20971
2 21139
2 21155
2 21191
2 21287
3 5574
3 5645
3 20748
3 24345
3 31712
3 31738
3 32099
